-2508
-3688
-4968
-6112
-7276
-8300
-9416
-10344
-11540
-12704
-13888
-14912
-16032
-17320
-18528
-19776
-22088
-23368
-24672
-25780
-26804
-27976
-29108
-30228
-31264
-32452
-35944
-37200
-38424
-39472
-40548
-41812
-42924
-44004
-46232
-48424
-49368
-50408
-52400
-54500
-55496
-56400
-57460
-58492
-60580
-61596
-63484
-65680
-70888
-72008
-73056
-74040
-74916
-76912
-79996
-81096
-82060
-83088
-85992
-87212
-90540
-91468
-92520
-93472
-94308
-95272
-96320
-99024
-100012
-101036
-102900
-103940
-104928
-105856
-106956
-109120
-111992
-112996
-114072
-115148
-116096
-117892
-119692
-120724
-121592
-122512
-123384
-124180
-125192
-126148
-126904
-127792
-129556
-130412
-131308
-132352
-133284
-134092
-134952
-135964
-136932
-142356
-143172
-144024
-144952
-145860
-148316
-150252
-151076
-152000
-152932
-153860
-154740
-155608
-156392
-157220
-158156
-159040
-160036
-160748
-161676
-163472
-164288
-165188
-167036
-167912
-168720
-169676
-170536
-171212
-172100
-172748
-173560
-174372
-175296
-177604
-180120
-181508
-182928
-185084
-185956
-186692
-187432
-188132
-189604
-191136
-191900
-192576
-194836
-195604
-196932
-198652
-199284
-200956
-201720
-202504
-203204
-203880
-204760
-205396
-206152
-206860
-208944
-210216
-210888
-211764
-212468
-213160
-213816
-214484
-215136
-216420
-217260
-217976
-218704
-219468
-220792
-221644
-222436
-223060
-223752
-224456
-225032
-225620
-226288
-226916
-229700
-230388
-232456
-233016
-233564
-235000
-235616
-236400
-237100
-237696
-239092
-239972
-240580
-241256
-241860
-246052
-246712
-247376
-248024
-248696
-249340
-250884
-251592
-252180
-252924
-255184
-255816
-256432
-257164
-258992
-259580
-260140
-260700
-261940
-263760
-264896
-265420
-266032
-266576
-267672
-268372
-268844
-269992
-270716
-271848
-273032
-273720
-274380
-274928
-275572
-277380
-277980
-278652
-279744
-281012
-281632
-282756
-283308
-283844
-284924
-286168
-286700
-287196
-287696
-288320
-288896
-289544
-290092
-291892
-292952
-293540
-294192
-294868
-295484
-295924
-297112
-299824
-300972
-302500
-303040
-303512
-304072
-305220
-305676
-306052
-308276
-308792
-310280
-310772
-311200
-311628
-312804
-313936
-314516
-316088
-317448
-318496
-319636
-320248
-320756
-321904
-322332
-322896
-323320
-323768
-324292
-324832
-326292
-326824
-327212
-327544
-328208
-328580
-329096
-329520
-329964
-330432
-331424
-332336
-332904
-333796
-334300
-334784
-335892
-336284
-336776
-337360
-337788
-338336
-338688
-339580
-340468
-341252
-341816
-343296
-343824
-344428
-346516
-347196
-347652
-348196
-348764
-349780
-350868
-351644
-352552
-353432
-354764
-355344
-355952
-356532
-356928
-357448
-357960
-361256
-361656
-362880
-363376
-364428
-364916
-365812
-366212
-368272
-368740
-369164
-369632
-370820
-371224
-371664
-372008
-373004
-373436
-374740
-376056
-377284
-377660
-377928
-378644
-379392
-380204
-381104
-381476
-382000
-382676
-383100
-383432
-383920
-384348
-385044
-385544
-386020
-386436
-387280
-387724
-389984
-390600
-391656
-393124
-393460
-393884
-394268
-395276
-395988
-396292
-397284
-397728
-398576
-398864
-399280
-399756
-400140
-400440
-400828
-401068
-401436
-401900
-402208
-402508
-403212
-403976
-404272
-404540
-404764
-405744
-406072
-406408
-407612
-408236
-408692
-408948
-409248
-411304
-412032
-412972
-413308
-413768
-414436
-415228
-415524
-416320
-416804
-417840
-418160
-418572
-418912
-419304
-419936
-420444
-421060
-421628
-422324
-422672
-423100
-423468
-424096
-424480
-424912
-425240
-426080
-427048
-427428
-427996
-429736
-430416
-430736
-431744
-432072
-432628
-433052
-433404
-433900
-434788
-435532
-435824
-437500
-438668
-439148
-439468
-439728
-440056
-440344
-440728
-441100
-441436
-442108
-442700
-443064
-443348
-443628
-444380
-444964
-445524
-446708
-447012
-447720
-448172
-448428
-448880
-449544
-450232
-450456
-450756
-451084
-451364
-451756
-452196
-453364
-453624
-453896
-454280
-454624
-455132
-455352
-455708
-456680
-457104
-457308
-457532
-457732
-458716
-459448
-460132
-460492
-460968
-461300
-461700
-462020
-462400
-462724
-463068
-463324
-463764
-464140
-464380
-464736
-465080
-465600
-466292
-466584
-467372
-467612
-467904
-468704
-469412
-469808
-471192
-471524
-472024
-472328
-472708
-472968
-473416
-473648
-474032
-474244
-474548
-474824
-475152
-475964
-476328
-476580
-476896
-477088
-477636
-478996
-479616
-479992
-480284
-481196
-481600
-482028
-482896
-483896
-484496
-484724
-486284
-486904
-487760
-488296
-488784
-489180
-489424
-489800
-490060
-490976
-491132
-492800
-493664
-494156
-495160
-495668
-496236
-496492
-497216
-497492
-497876
-498124
-498412
-499240
-500768
-500856
-501072
-501240
-501792
-502172
-502408
-502736
-503332
-503424
-503756
-504156
-504236
-504740
-505552
-505940
-506108
-506356
-506584
-506872
-507672
-507716
-508228
-508604
-509008
-509368
-510044
-510520
-511156
-511336
-511564
-512108
-512360
-513308
-513488
-513720
-514140
-514464
-514668
-515336
-515456
-515928
-515988
-516616
-516732
-517472
-517788
-517928
-518392
-518596
-518796
-519176
-519912
-521116
-521292
-521476
-521888
-522172
-522536
-522628
-522896
-523164
-523600
-523880
-524104
-524452
-524576
-525096
-525280
-526008
-526232
-526524
-526768
-527064
-527692
-527924
-528628
-528964
-529192
-529464
-529800
-530000
-530508
-530880
-531040
-531252
-531836
-531988
-533076
-533216
-533392
-533944
-534476
-534760
-535168
-535676
-535852
-536036
-536344
-536876
-537100
-537164
-537692
-538508
-538772
-538996
-539636
-539728
-539784
-540124
-540388
-540424
-540740
-541108
-541508
-541656
-542816
-543072
-543264
-543340
-543604
-543796
-544240
-544308
-544424
-544732
-545292
-545556
-545800
-545804
-546360
-546828
-546960
-547012
-547076
-547268
-547428
-547528
-547772
-547956
-548244
-548940
-549160
-549240
-550344
-550672
-550720
-551032
-551556
-551812
-552448
-552504
-552632
-552768
-552836
-552956
-553000
-553276
-553756
-554008
-554152
-554772
-555028
-555248
-555432
-555600
-555692
-555924
-556048
-556280
-556428
-557312
-557800
-558276
-558400
-558552
-558768
-558956
-559276
-559400
-559408
-559544
-560116
-560488
-560676
-561148
-561280
-561420
-561892
-562276
-563300
-563448
-563608
-563736
-563868
-563992
-564256
-564516
-564840
-565288
-565796
-566120
-566276
-566596
-566768
-567312
-567468
-567936
-568044
-568660
-568796
-568896
-569116
-569152
-569448
-569584
-569728
-569884
-569888
-570072
-570832
-571076
-571060
-571192
-571336
-571544
-571664
-572276
-572636
-572760
-572972
-573172
-573544
-574140
-574232
-574532
-574908
-575100
-575232
-575580
-575900
-576060
-576396
-576608
-576820
-576908
-576844
-576960
-577080
-577808
-577968
-578120
-578372
-578496
-578616
-578848
-578968
-579132
-579276
-579424
-579776
-580024
-580100
-580440
-580592
-580804
-580860
-581136
-581660
-581816
-582252
-582612
-582948
-583020
-583376
-583900
-584100
-584432
-584660
-584732
-584912
-585156
-585872
-586168
-586364
-586624
-586740
-587064
-587408
-587776
-587864
-588144
-588344
-588480
-588752
-588812
-588976
-588948
-589872
-589988
-590092
-591096
-591608
-591652
-592152
-592208
-592364
-592720
-592860
-593016
-593128
-593684
-593904
-594132
-594308
-594388
-594584
-594800
-595072
-595248
-595604
-595836
-595972
-596072
-596364
-596516
-596636
-596812
-596988
-597796
-597988
-598352
-598728
-598788
-599396
-599400
-599484
-599432
-599536
-599612
-600296
-600336
-600428
-600776
-601208
-601296
-601956
-602316
-602444
-602768
-602836
-603040
-603436
-603696
-603944
-604168
-604336
-604552
-604740
-604948
-605104
-605452
-605824
-606116
-606372
-606736
-606876
-607284
-607348
-607864
-608076
-608292
-608416
-608572
-608928
-608928
-609008
-609036
-609220
-609244
-609792
-609720
-609840
-609996
-610092
-610260
-610420
-610424
-610540
-610828
-610812
-611016
-611140
-611404
-611584
-611848
-612000
-612156
-612304
-612404
-612772
-612820
-613056
-613776
-614116
-614584
-614776
-614936
-615104
-615376
-615432
-615432
-615604
-615704
-615984
-615944
-615932
-616056
-616160
-616432
-616604
-616548
-616772
-617216
-617952
-618200
-618240
-618280
-618332
-618520
-618724
-618840
-618816
-618804
-619188
-619460
-619620
-619740
-620088
-620208
-620376
-620784
-621028
-621180
-621492
-621640
-621804
-621800
-622208
-622504
-622692
-622904
-622956
-622960
-623208
-623284
-623284
-623744
-624020
-624412
-624492
-624472
-624968
-625172
-625216
-625364
-625676
-626108
-626196
-626436
-626492
-626704
-626712
-626752
-627072
-627144
-627496
-627516
-627644
-627944
-628192
-628360
-628636
-628776
-628896
-628928
-629000
-629084
-629820
-630036
-630400
-630464
-630676
-630812
-631168
-631208
-631280
-631544
-631648
-631704
-631668
-631824
-632040
-632160
-632436
-632508
-632672
-632712
-632816
-632868
-633016
-633224
-633512
-633620
-633800
-633860
-633956
-634204
-634432
-634620
-634760
-634972
-635076
-635384
-635580
-635780
-635880
-636324
-636352
-636476
-637048
-637148
-637284
-637184
-637504
-637652
-637644
-637720
-637760
-637884
-637852
-637940
-638068
-638108
-638144
-638312
-638552
-638632
-638788
-638804
-639152
-639544
-639600
-639832
-639860
-640004
-640056
-640156
-640244
-640356
-640388
-640544
-641164
-641672
-641744
-641752
-642156
-642392
-642648
-642828
-643256
-643260
-643256
-643496
-643496
-643644
-643560
-643692
-643580
-643696
-643792
-643808
-644016
-644072
-644264
-644564
-644560
-644604
-644616
-644728
-644700
-645000
-645348
-645268
-645288
-645480
-645680
-645760
-645952
-646016
-646128
-646264
-646720
-646780
-646964
-647028
-647176
-647320
-647428
-648016
-648360
-648720
-649228
-649320
-649528
-649540
-649800
-649804
-649876
-650072
-650116
-650236
-650424
-650796
-650924
-650996
-651068
-651104
-651220
-651804
-651760
-651788
-651912
-652364
-652424
-652448
-652540
-652552
-652584
-652824
-653004
-653248
-653284
-653424
-653352
-653472
-653644
-653820
-653948
-654060
-654096
-654188
-654712
-654820
-654888
-654944
-655280
-655368
-655392
-655548
-655688
-655708
-655676
-655668
-655840
-655836
-655924
-656068
-656420
-656436
-656408
-656568
-656584
-656548
-656712
-656828
-656956
-657004
-657060
-656952
-656900
-656988
-657012
-657276
-657364
-657548
-657592
-657740
-657756
-657848
-657896
-657936
-658288
-658220
-658344
-658468
-658500
-659112
-659436
-659572
-659644
-659760
-660056
-660124
-660032
-660104
-660152
-660244
-660516
-660868
-660796
-660824
-661000
-661104
-661288
-661364
-661448
-661556
-661984
-661992
-662196
-662272
-662332
-662252
-662404
-662544
-662672
-662816
-662844
-662860
-663040
-663168
-663464
-663864
-664140
-664188
-664168
-664748
-664868
-664880
-664948
-664932
-664956
-665184
-665320
-665740
-665788
-665824
-665816
-666096
-666476
-666512
-666504
-666864
-666848
-667032
-667236
-667736
-667892
-668000
-668572
-668776
-668796
-668808
-668872
-668880
-668860
-668876
-669248
-669360
-669556
-669536
-669508
-669656
-669848
-669928
-669964
-670464
-670744
-670840
-670840
-671068
-671184
-671996
-672168
-672220
-672204
-672400
-672540
-672772
-672868
-673052
-673164
-673272
-673368
-673824
-674012
-673972
-674060
-674096
-674228
-674496
-674656
-674812
-674876
-674860
-674984
-675224
-675560
-675932
-676088
-676344
-676568
-676780
-676868
-676760
-676820
-676896
-676996
-677140
-677496
-677836
-678056
-678156
-678264
-678440
-678512
-678532
-678600
-678732
-678912
-678952
-679292
-679412
-679712
-679840
-680064
-680212
-680268
-680304
-680304
-680476
-680336
-680452
-680488
-680580
-680820
-680856
-680896
-681016
-681176
-681236
-681408
-681716
-681700
-681712
-681812
-681804
-681844
-682132
-682820
-682760
-682868
-683048
-683124
-683080
-683140
-683252
-683340
-683520
-683832
-683860
-683916
-683984
-684128
-684140
-684100
-684432
-684432
-684892
-684940
-685068
-685072
-685464
-685448
-685664
-685604
-685668
-685708
-685776
-685900
-685804
-685764
-685896
-686036
-686064
-686204
-686308
-686312
-686260
-686436
-686480
-686408
-686408
-686668
-687000
-687060
-687244
-687380
-687448
-687544
-687764
-687948
-687976
-688068
-688068
-687960
-688096
-688272
-688320
-688248
-688480
-688484
-688480
-688344
-688416
-688588
-688584
-688672
-688612
-688780
-689016
-689112
-689216
-689148
-689076
-689376
-689336
-689544
-689536
-689796
-690028
-690096
-690040
-690184
-690216
-690276
-690440
-690524
-690556
-690660
-690732
-690672
-690704
-690816
-690808
-690900
-691176
-691252
-691284
-691616
-691784
-691916
-692020
-692016
-692004
-692032
-691980
-691976
-691980
-692124
-692164
-692116
-692188
-692284
-692428
-692492
-692760
-692996
-693196
-693156
-693264
-693276
-693264
-693388
-693300
-693152
-693388
-693408
-693900
-694172
-694400
-694264
-694424
-694536
-694568
-694500
-694676
-694680
-694772
-694752
-694752
-694948
-695132
-695168
-695444
-695420
-695432
-695472
-695308
-695496
-695484
-695612
-695948
-696016
-696424
-696576
-696852
-697152
-697096
-697076
-696944
-696968
-697156
-697644
-697816
-698068
-698176
-698204
-698192
-698372
-698380
-698284
-698508
-698476
-698516
-698628
-698568
-698840
-699028
-699228
-699536
-699624
-699772
-699876
-700016
-700376
-700672
-701208
-701316
-701180
-701164
-701312
-701376
-701328
-701432
-701392
-701528
-701528
-701844
-702004
-702368
-702332
-702364
-702328
-702384
-702560
-702620
-702812
-702952
-702940
-703032
-703096
-703044
-703140
-703236
-703372
-703300
-703512
-703404
-703412
-703556
-703644
-703832
-703952
-703980
-704096
-704116
-704052
-704200
-704320
-704384
-704432
-704348
-704468
-704484
-704604
-704456
-704508
-704480
-704516
-704592
-704668
-704672
-704644
-704632
-704560
-704432
-704412
-704604
-704784
-704772
-704844
-704864
-704960
-705032
-705040
-705204
-705156
-705232
-705504
-705368
-705412
-705792
-705752
-705832
-705952
-705988
-706068
-705944
-706060
-706180
-706120
-706048
-706152
-706260
-706304
-706492
-706544
-706796
-706728
-707016
-707020
-707160
-707308
-707444
-707412
-707500
-707544
-707408
-707524
-707780
-707720
-707728
-707740
-707704
-707740
-707816
-707748
-707768
-707708
-707744
-707844
-707904
-707924
-708136
-708480
-708528
-708648
-708708
-708736
-708832
-708740
-708852
-708944
-709016
-709112
-709188
-709308
-709256
-709312
-709504
-709448
-709572
-709748
-709984
-710016
-709928
-710196
-710484
-710472
-710620
-710632
-710444
-710376
-710496
-710580
-710580
-710656
-710700
-710832
-711140
-711080
-711096
-711324
-711448
-711516
-711492
-711408
-711492
-711524
-711652
-711564
-711560
-711616
-711584
-711508
-711648
-711720
-711788
-711956
-711880
-711948
-712052
-712108
-712220
-712272
-712328
-712420
-712544
-712816
-712932
-713132
-713308
-713512
-713536
-713568
-713660
-713856
-713864
-713972
-713888
-713732
-713808
-713828
-713792
-713780
-713820
-713948
-714068
-714060
-714316
-714344
-714452
-714400
-714324
-714468
-714652
-714728
-714896
-715072
-715264
-715396
-715376
-715392
-715436
-715360
-715456
-715588
-715608
-715696
-715800
-715780
-715940
-716024
-716080
-716052
-716140
-716620
-716624
-716780
-716800
-716744
-716700
-716768
-716704
-716940
-716932
-717024
-717272
-717216
-717160
-717328
-717248
-717216
-717288
-717312
-717176
-717248
-717156
-717428
-717780
-717820
-717700
-717748
-717796
-717852
-718004
-718124
-718384
-718272
-718288
-718620
-718756
-719008
-718884
-719324
-719316
-719324
-719440
-719524
-719784
-719736
-719796
-720000
-720240
-720164
-720264
-720304
-720360
-720332
-720548
-720744
-720744
-720772
-720828
-720960
-720940
-721120
-721096
-721028
-721140
-721148
-721016
-721048
-721036
-720980
-720940
-720972
-720988
-721040
-720920
-720924
-721084
-721188
-721040
-720976
-721216
-721168
-721404
-721464
-721468
-721552
-721732
-721840
-721912
-721984
-722020
-722152
-722132
-722128
-722248
-722284
-722332
-722296
-722440
-722432
-722544
-722592
-722492
-722652
-722796
-722888
-722944
-722960
-723316
-723376
-723288
-723300
-723368
-723496
-723644
-723372
-723440
-723580
-723588
-723700
-723820
-723872
-723768
-723680
-723612
-723960
-724136
-724092
-724304
-724268
-724352
-724324
-724412
-724308
-724316
-724508
-724652
-724748
-724636
-724728
-724716
-724832
-724904
-724828
-724908
-725008
-725056
-724968
-725008
-725072
-725128
-725664
-725768
-725832
-726008
-726188
-726192
-726200
-726236
-726352
-726352
-726616
-726712
-726836
-726808
-726900
-727016
-727120
-727208
-727352
-727224
-727020
-727052
-727088
-727144
-727236
-727216
-727092
-727128
-727180
-727396
-727336
-727288
-727364
-727416
-727304
-727436
-727512
-727656
-727808
-727992
-728036
-728240
-728404
-728584
-728752
-728864
-729036
-728964
-728888
-728816
-728820
-728908
-728784
-728808
-728852
-729140
-729196
-729272
-729312
-729444
-729440
-729528
-729592
-729580
-729540
-729700
-729644
-729648
-729576
-729728
-729820
-729932
-730112
-729924
-730024
-730096
-730252
-730324
-730316
-730148
-730128
-730252
-730188
-730248
-730240
-730320
-730268
-730396
-730364
-730456
-730460
-730456
-730392
-730460
-730256
-730176
-730260
-730260
-730132
-730344
-730452
-730364
-730604
-730804
-730824
-730776
-730876
-730968
-730916
-731012
-730996
-731080
-731080
-731036
-730984
-731252
-731344
-731348
-731384
-731504
-731580
-731676
-731660
-731640
-731692
-731844
-731880
-732152
-732476
-732568
-732624
-732660
-732720
-732764
-732728
-732692
-732844
-732900
-732924
-733008
-732992
-732992
-732936
-733152
-733288
-733344
-733348
-733380
-733352
-733428
-733480
-733756
-733812
-733632
-733704
-733624
-733580
-733664
-733604
-733724
-733800
-733880
-733916
-733876
-733948
-734008
-733912
-733992
-733924
-733940
-734060
-734132
-734176
-734120
-734168
-734360
-734504
-734504
-734400
-734192
-734108
-734208
-734680
-734668
-734912
-734852
-734944
-735048
-735076
-734980
-735072
-735040
-735676
-735644
-735796
-735784
-736112
-736020
-736528
-736528
-736368
-736516
-736552
-736784
-736888
-736924
-737116
-737092
-737076
-737000
-737084
-737128
-737196
-737084
-737132
-737016
-737124
-737012
-736928
-736952
-736920
-737064
-737160
-737392
-737624
-737640
-737584
-737712
-737808
-737960
-738156
-738104
-738252
-738456
-738368
-738428
-738364
-738468
-738496
-738452
-738520
-738700
-738724
-738760
-738616
-738616
-738632
-738616
-738864
-738852
-739020
-739280
-739268
-739224
-739080
-739096
-738960
-738844
-739016
-739036
-739048
-739128
-739244
-739400
-739504
-739484
-739600
-739568
-739748
-739572
-739736
-739548
-739448
-739412
-739344
-739344
-739364
-739512
-739428
-739364
-739448
-739396
-739260
-739188
-739164
-739132
-739204
-739080
-739084
-739104
-739160
-739140
-739204
-739096
-739108
-739060
-739112
-739196
-739232
-739320
-739212
-739224
-739212
-739280
-739316
-739324
-739276
-739296
-739212
-739220
-739296
-739444
-739588
-739664
-739744
-739680
-739764
-739856
-739992
-739912
-740164
-740092
-739984
-739984
-739952
-739916
-739924
-739892
-739864
-739972
-740116
-740104
-740092
-740136
-740252
-740088
-740116
-740128
-740188
-740308
-740320
-740296
-740440
-740748
-740716
-740752
-740956
-741040
-741192
-741244
-741240
-741108
-741096
-741104
-741016
-741364
-741328
-741384
-741624
-741572
-741384
-741420
-741396
-741364
-741400
-741404
-741384
-741508
-741616
-741696
-741840
-741900
-741904
-741876
-742116
-742288
-742328
-742236
-742316
-742380
-742496
-742556
-742588
-742448
-742424
-742440
-742700
-742660
-742784
-742816
-742900
-742832
-742980
-743224
-743288
-743220
-743344
-743280
-743208
-743208
-743120
-743084
-743248
-743168
-743384
-743460
-743320
-743168
-743220
-743308
-743380
-743360
-743384
-743292
-743296
-743340
-743504
-743492
-743536
-743652
-743492
-743560
-743544
-743592
-743632
-743688
-743684
-744076
-744028
-744100
-744104
-744108
-744168
-744268
-744264
-744320
-744244
-744280
-744496
-744364
-744464
-744472
-744612
-744596
-744524
-744664
-744716
-744764
-744732
-744848
-744844
-745020
-745068
-745012
-745036
-745024
-745008
-744936
-744904
-744764
-744660
-744660
-744556
-744524
-744516
-744556
-744504
-744408
-744392
-744468
-744564
-744648
-744652
-745148
-745112
-745108
-745172
-745148
-745184
-745404
-745316
-745416
-745448
-745524
-745860
-746028
-746076
-745948
-745944
-745724
-746000
-746016
-746060
-745940
-746112
-745972
-745984
-746044
-745964
-746004
-745996
-746036
-746128
-746008
-745940
-745952
-746088
-746108
-746140
-746264
-746240
-746232
-746280
-746276
-746388
-746476
-746504
-746560
-746524
-746624
-746836
-746908
-746956
-747144
-747004
-746976
-747004
-746960
-747060
-747056
-747268
-747328
-747344
-747428
-747400
-747608
-747780
-747804
-747796
-747848
-748052
-748044
-747920
-747792
-747856
-748024
-747964
-747956
-747944
-747940
-747988
-747840
-747764
-747828
-747912
-748156
-748148
-748192
-748188
-748516
-748412
-748416
-748320
-748304
-748376
-748352
-748388
-748288
-748304
-748316
-748116
-748124
-748188
-748204
-747928
-748060
-748016
-747992
-748028
-748000
-748036
-748024
-747948
-748320
-748536
-748336
-748340
-748256
-748364
-748424
-748332
-748244
-748408
-748400
-748404
-748532
-748576
-748540
-748576
-748480
-748708
-748772
-748744
-748724
-748808
-748904
-748788
-748868
-748900
-748944
-749028
-748936
-749000
-749096
-749272
-749192
-749312
-749356
-749432
-749528
-749780
-749996
-750028
-750180
-750064
-750004
-750112
-750268
-750412
-750560
-750520
-750700
-750760
-750820
-751056
-751128
-751200
-751028
-751068
-751004
-750972
-750840
-750740
-750756
-750724
-750592
-750540
-750512
-750588
-750440
-750404
-750340
-750344
-750444
-750516
-750400
-750344
-750324
-750356
-750440
-750628
-750688
-750632
-750808
-750672
-750752
-750632
-750672
-750936
-750928
-750832
-750888
-750820
-750812
-751124
-751072
-750872
-750820
-750920
-750700
-750712
-750616
-750940
-750960
-750896
-751008
-751008
-750932
-750984
-750980
-751088
-751080
-751084
-750996
-751004
-751008
-751032
-751092
-751052
-751084
-751080
-751084
-751144
-751080
-751092
-751116
-751116
-751100
-751068
-751080
-751340
-751240
-751144
-751060
-750980
-751168
-751240
-751280
-751440
-751536
-751308
-751512
-751644
-751656
-751860
-751916
-751872
-751948
-751984
-751808
-751932
-751724
-751720
-751692
-751864
-751912
-752060
-751976
-751976
-751964
-752048
-752088
-752092
-752228
-752252
-752332
-752596
-752692
-752800
-752740
-752704
-753040
-753108
-753108
-753260
-753220
-753148
-753040
-753176
-753052
-752972
-753288
-753408
-753420
-753756
-753316
-753396
-753380
-753668
-753600
-753652
-753704
-753768
-753936
-753884
-753848
-753940
-754152
-754196
-753940
-754016
-753940
-753924
-753892
-754108
-754116
-754340
-754264
-754500
-754580
-754612
-754484
-754928
-754920
-755028
-755052
-755092
-755080
-755160
-755268
-755108
-755332
-755548
-755472
-755764
-755680
-755628
-755720
-755856
-755836
-756008
-755956
-756072
-755992
-756160
-756256
-756192
-756164
-756180
-756068
-756084
-756316
-756520
-756640
-756712
-756656
-756688
-756784
-756656
-756524
-756544
-756488
-756520
-756576
-756664
-756680
-756628
-756628
-756648
-756612
-756552
-756536
-756492
-756576
-756668
-756500
-756504
-756516
-756544
-756444
-756420
-756324
-756260
-756388
-756328
-756256
-756356
-756296
-756188
-756360
-756172
-756268
-756372
-756396
-756384
-756372
-756416
-756440
-756468
-756512
-756528
-756436
-756648
-756708
-756544
-756624
-756648
-756684
-756976
-756896
-757096
-756992
-756896
-756988
-756924
-756908
-756820
-756932
-756784
-756840
-756764
-756796
-757048
-757076
-757112
-757032
-757088
-757132
-757208
-757416
-757232
-757280
-757064
-757212
-757228
-757212
-757228
-757324
-756948
-757040
-756876
-756724
-756620
-756656
-756752
-756796
-756772
-756672
-756668
-756604
-756632
-756784
-756764
-756852
-756960
-756988
-757108
-757132
-757144
-757100
-757312
-757364
-757484
-757472
-757312
-757232
-757344
-757372
-757304
-757348
-757372
-757488
-757580
-757592
-757564
-757556
-757800
-757792
-757772
-757748
-757736
-757488
-757384
-757472
-757372
-757476
-757520
-757728
-757748
-757728
-758036
-757912
-757872
-757836
-757952
-758024
-758024
-758104
-758056
-758072
-758020
-758208
-758328
-758452
-758464
-758464
-758548
-758784
-758864
-758944
-759000
-759056
-759340
-759352
-759536
-759580
-759716
-759628
-759536
-759616
-759592
-759480
-759572
-759620
-759696
-759664
-759792
-759864
-759740
-759648
-759600
-759596
-759724
-759768
-759728
-759632
-759664
-759644
-759604
-759632
-759764
-759640
-759732
-759808
-759896
-759872
-759928
-760084
-760104
-760028
-760044
-760376
-760400
-760804
-760968
-761016
-760988
-760792
-760908
-760900
-760876
-760884
-760820
-761024
-761008
-761100
-761044
-761156
-761168
-761192
-761152
-761168
-761096
-760972
-760932
-760860
-760844
-760976
-761172
-761144
-761128
-761180
-761260
-761324
-761280
-761424
-761404
-761508
-761484
-761488
-761416
-761284
-761460
-761540
-761636
-761664
-761500
-761592
-761524
-761664
-761856
-761888
-761796
-761784
-761688
-761560
-761596
-761676
-761668
-761632
-761628
-761772
-761640
-761624
-761676
-761604
-761736
-761800
-761764
-761476
-761464
-761424
-761488
-761860
-761972
-761992
-762064
-762120
-762040
-762080
-762076
-761940
-761856
-762000
-762104
-762004
-762136
-762376
-762328
-762336
-762440
-762576
-762504
-762552
-762560
-762572
-762576
-762712
-762624
-762704
-762792
-762836
-762764
-762764
-762716
-762608
-762824
-762744
-762768
-762788
-762824
-762732
-762948
-763076
-763020
-763012
-762724
-762796
-762940
-762892
-762740
-762728
-762676
-762900
-762956
-762944
-762940
-762940
-763120
-763004
-762920
-763132
-763104
-763148
-763200
-763388
-763208
-763200
-763316
-763280
-763364
-763380
-763280
-763600
-763656
-763664
-763648
-763680
-763648
-763844
-763888
-764024
-764068
-764088
-764080
-764160
-764352
-764300
-764324
-764392
-764468
-764512
-764556
-764604
-764660
-764856
-764844
-764940
-764916
-764844
-764796
-764832
-764940
-764960
-764976
-765056
-765100
-764984
-765156
-765136
-765068
-765028
-765084
-764896
-764868
-764832
-764452
-764564
-764564
-764648
-764528
-764208
-764004
-763912
-763956
-763988
-763936
-763872
-764116
-764040
-763956
-764060
-764080
-763940
-764196
-764164
-764220
-764268
-764212
-764172
-764036
-764112
-764176
-764252
-764164
-764220
-764284
-764248
-764220
-764204
-764144
-764200
-764276
-764296
-764380
-764260
-764384
-764348
-764424
-764456
-764384
-764352
-764404
-764696
-764748
-764668
-764820
-764948
-765144
-764960
-764952
-765012
-764940
-765156
-764956
-764832
-764892
-764964
-764876
-764984
-764840
-764852
-764908
-764780
-764796
-764944
-765208
-765280
-765152
-764988
-764896
-765300
-765624
-765592
-765664
-765552
-765544
-765568
-765660
-765672
-765396
-765376
-765348
-765464
-765364
-765456
-765328
-765284
-765260
-765212
-765564
-765756
-765852
-765832
-765860
-765572
-765304
-765224
-765164
-765216
-765168
-765156
-765028
-765204
-765200
-765144
-765324
-765272
-765316
-765236
-765080
-765092
-765404
-765276
-765216
-765364
-765424
-765228
-765264
-765332
-765392
-765508
-765516
-765428
-765304
-765804
-765784
-765928
-766156
-766272
-766236
-766388
-766244
-766212
-766256
-766144
-766412
-766296
-766304
-766392
-766544
-766492
-766472
-766356
-766300
-766392
-766348
-766332
-766360
-766328
-766280
-766100
-766204
-766180
-766180
-766188
-766136
-765800
-765912
-765932
-765944
-765804
-765804
-765872
-765796
-765976
-766092
-766084
-765992
-765904
-766148
-766176
-766180
-766192
-766248
-766212
-766196
-766100
-765924
-765860
-765844
-765772
-765760
-765800
-765688
-765640
-765644
-765676
-765744
-765768
-766036
-766024
-766156
-765948
-765992
-765788
-765736
-765768
-765756
-765840
-765900
-765944
-766060
-766064
-766072
-766016
-766040
-766080
-766216
-766336
-766340
-766324
-766320
-766256
-766132
-766260
-766220
-766296
-766204
-766224
-766288
-766140
-766336
-766288
-766312
-766056
-766204
-766364
-766388
-766424
-766404
-766412
-766288
-766252
-766376
-766360
-766316
-766652
-766540
-766504
-766420
-766520
-766608
-766748
-766696
-766596
-766624
-766500
-766416
-766604
-766676
-766620
-766656
-766636
-766768
-766884
-766856
-766916
-767088
-767148
-767156
-767348
-767352
-767280
-767296
-767344
-767320
-767292
-767156
-767096
-767112
-767016
-766964
-767048
-766940
-766860
-766836
-766800
-766820
-766628
-766564
-766684
-766760
-766820
-766904
-766912
-767108
-767104
-767152
-767156
-767040
-767232
-767180
-767128
-767196
-767344
-767232
-767144
-767024
-766984
-767052
-767152
-767360
-767300
-767388
-767312
-767328
-767364
-767200
-767224
-767064
-767008
-767132
-767108
-767220
-767300
-767308
-767116
-767104
-767200
-767160
-767072
-767108
-767184
-767416
-767248
-767356
-767544
-767596
-767656
-767712
-767724
-767840
-767992
-768012
-768008
-768036
-768120
-767968
-768048
-768160
-768132
-768188
-768380
-768376
-768444
-768472
-768576
-768764
-768744
-768652
-768652
-768668
-768972
-768952
-769136
-769100
-769152
-769128
-769132
-769260
-769072
-769172
-769112
-769076
-769020
-768728
-768704
-768704
-768744
-768460
-767984
-768032
-768028
-767992
-767848
-768088
-768044
-768172
-768112
-768028
-768036
-768084
-768144
-768208
-768260
-768356
-768232
-768256
-767928
-767952
-768020
-768036
-768104
-768104
-768028
-768040
-767908
-767884
-767888
-767800
-767656
-767632
-767668
-767788
-767836
-767720
-767796
-767836
-767872
-767940
-767992
-768020
-768352
-768372
-768504
-768596
-768548
-768628
-768660
-768756
-768780
-768716
-768828
-768896
-768952
-769008
-769036
-768940
-768896
-768968
-768960
-768944
-768712
-769092
-769064
-769256
-769276
-769376
-769300
-769208
-769184
-769220
-769328
-769296
-769428
-769304
-769396
-769216
-769168
-769392
-769460
-769364
-769372
-769468
-769444
-769440
-769400
-769568
-769512
-769544
-769416
-769436
-769384
-769316
-769204
-769352
-769344
-769280
-769396
-769372
-769420
-769484
-769452
-769560
-769664
-769608
-769648
-769472
-769392
-769380
-769372
-769280
-769328
-769460
-769536
-769728
-769716
-769616
-769600
-769732
-769752
-769668
-769644
-769724
-769616
-769644
-769720
-769676
-769876
-769692
-769664
-769676
-769628
-769684
-769844
-769780
-769636
-769492
-769488
-769456
-769524
-769488
-769300
-769148
-769200
-769280
-768992
-768940
-769016
-768876
-768920
-769064
-768896
-768956
-768736
-768788
-768852
-768984
-768896
-768892
-769000
-768976
-768928
-768964
-768808
-768908
-768856
-768748
-768744
-768716
-768436
-768188
-768008
-767924
-767864
-767940
-768000
-767964
-768188
-768092
-768052
-768008
-768064
-767924
-767732
-767552
-767620
-767704
-767716
-767644
-767676
-767612
-767680
-767784
-767864
-767764
-767780
-767852
-767876
-767780
-767820
-767804
-767796
-767812
-767688
-767780
-767828
-767892
-767972
-768100
-767940
-767944
-768008
-768000
-767948
-767980
-767864
-767904
-768024
-768180
-768220
-768320
-768420
-768416
-768388
-768352
-768140
-768152
-768272
-768288
-768328
-768172
-768232
-768288
-768072
-767860
-767796
-767800
-767772
-767908
-767784
-767888
-767936
-767928
-767944
-768028
-768128
-768280
-768212
-768188
-768188
-768188
-768052
-768200
-768192
-768420
-768268
-768228
-768276
-768016
-768036
-768048
-768052
-768156
-768028
-768120
-768108
-768072
-768100
-768084
-767916
-767968
-767896
-767680
-767632
-767752
-767716
-767700
-767608
-767584
-767664
-767776
-767928
-768012
-767828
-767756
-767732
-767416
-767436
-767488
-767324
-767536
-767620
-767668
-767664
-767676
-767924
-768012
-768188
-768128
-768148
-768296
-768276
-768360
-768412
-768416
-768632
-768632
-768732
-768772
-768588
-768700
-768752
-769012
-768852
-768988
-768580
-768620
-768600
-768584
-768716
-768900
-769048
-769000
-769032
-769144
-769284
-769252
-769248
-769268
-769180
-769140
-769084
-769128
-769112
-769220
-769304
-769308
-769324
-769340
-769404
-769332
-769316
-769256
-769224
-769332
-769368
-769404
-769384
-769524
-769540
-769572
-769544
-769528
-769416
-769428
-769628
-769648
-769756
-769576
-769404
-769384
-769360
-769272
-769320
-769560
-769604
-769552
-769500
-769508
-769508
-769612
-769976
-769936
-770060
-770052
-769980
-769996
-769972
-770236
-770220
-770156
-770152
-770220
-770232
-770312
-770288
-770160
-770108
-770148
-770172
-770120
-770148
-770120
-770132
-769860
-769872
-769800
-769896
-769980
-769992
-769732
-769696
-769660
-769664
-769556
-769524
-769464
-769484
-769564
-769568
-769488
-769524
-769620
-769792
-769832
-769932
-769960
-770012
-770056
-769956
-769844
-769984
-770000
-769876
-769884
-769912
-769844
-769904
-769864
-770068
-770128
-770208
-770140
-770308
-770428
-770292
-770316
-770284
-770180
-770256
-770300
-770332
-770252
-770324
-770248
-770168
-770140
-770224
-770320
-770116
-770068
-770044
-770112
-770016
-769900
-769932
-769952
-769848
-769756
-769912
-769784
-769828
-769864
-769904
-769920
-769644
-769720
-769716
-769784
-769916
-770028
-769992
-770008
-770152
-770304
-770072
-770156
-770272
-770364
-770308
-770224
-770256
-770244
-770260
-770328
-770264
-770420
-770544
-770468
-770620
-770824
-770792
-770944
-770912
-770892
-770888
-770920
-771060
-771232
-771364
-771412
-771332
-771328
-771420
-771484
-771524
-771432
-771440
-771304
-771268
-771476
-771480
-771500
-771396
-771260
-771264
-771220
-771268
-771152
-771228
-771088
-770912
-770732
-770700
-770772
-770740
-770740
-770852
-770868
-770844
-770900
-770876
-770852
-770908
-770792
-770792
-770708
-770540
-770420
-770252
-770252
-770300
-770380
-770248
-770256
-770268
-770300
-770412
-770116
-770024
-770000
-770092
-770228
-770212
-770204
-770304
-770476
-770444
-770468
-770568
-770668
-770632
-770620
-770620
-770556
-770468
-770528
-770420
-770608
-770560
-770724
-770648
-770592
-770752
-770580
-770612
-770560
-770536
-770628
-770476
-770564
-770780
-770768
-770896
-770968
-770992
-771064
-771256
-771256
-771216
-771160
-771188
-771448
-771492
-771456
-771532
-771480
-771608
-771420
-771416
-771492
-771524
-771672
-771856
-772068
-772124
-771892
-771816
-771736
-771452
-771424
-771580
-771544
-771460
-771612
-771652
-771536
-771420
-771380
-771348
-771264
-771324
-771272
-771276
-771240
-771056
-770920
-770864
-770784
-770856
-770976
-770968
-770912
-770928
-771004
-770948
-771200
-771156
-771252
-771352
-771612
-771680
-771716
-771852
-771916
-771852
-771936
-771956
-772160
-772484
-772500
-772840
-772824
-772796
-772828
-772820
-772840
-772808
-772880
-772848
-772824
-772808
-772752
-772736
-772628
-772616
-772352
-772492
-772612
-772532
-772676
-772628
-772608
-772828
-772896
-772916
-773028
-773164
-773308
-773268
-773300
-773376
-773360
-773412
-773392
-773612
-773580
-773496
-773448
-773588
-773636
-773520
-773688
-773640
-773896
-773908
-773848
-773840
-773432
-773524
-773468
-773484
-773604
-773424
-773424
-774152
-774400
-774236
-774304
-774292
-774312
-774236
-774144
-774272
-774212
-774192
-774220
-774160
-774068
-773956
-773888
-773900
-773844
-773980
-774068
-774020
-773652
-773584
-773668
-773684
-773552
-773496
-773344
-773392
-773356
-773460
-773268
-773232
-773292
-773156
-773056
-773116
-772968
-773140
-773120
-772968
-773124
-773056
-772936
-773108
-773168
-772960
-772992
-773124
-773196
-773148
-773180
-772936
-773056
-773084
-773272
-773272
-773312
-773356
-773396
-773372
-773192
-773092
-773044
-772980
-772996
-773120
-773144
-773196
-773216
-773292
-773224
-773172
-773236
-773200
-773360
-773520
-773544
-773504
-773308
-773508
-773600
-773620
-773796
-773944
-773892
-773816
-773816
-773852
-773844
-773852
-773924
-773876
-773872
-773968
-774296
-774280
-774504
-774416
-774668
-774660
-774416
-774444
-774448
-774588
-774640
-774760
-774760
-774816
-774808
-774716
-774728
-774728
-774736
-774828
-774948
-774860
-774652
-774680
-774668
-774748
-774664
-774584
-774480
-774624
-774584
-774720
-774656
-774672
-774776
-775024
-775036
-774844
-774848
-774816
-774864
-774928
-774904
-774956
-775040
-774792
-774800
-774640
-774628
-774620
-774528
-774332
-774376
-774264
-774388
-774476
-774540
-774472
-774508
-774600
-774648
-774460
-774416
-774372
-774392
-774376
-774376
-774256
-774272
-774312
-774260
-774408
-774288
-774304
-774408
-774388
-774644
-774664
-774616
-774624
-774632
-774656
-774720
-774756
-774756
-774732
-774628
-774772
-774792
-774860
-774936
-774856
-774880
-774844
-774896
-774904
-775052
-775024
-775076
-775152
-775184
-775104
-775096
-775260
-775184
-775184
-775208
-775300
-775212
-775268
-775428
-775588
-775672
-775776
-775832
-775916
-776092
-775920
-775740
-775988
-775976
-776016
-776124
-776052
-776172
-776148
-776088
-776044
-776032
-776196
-776224
-776276
-776400
-776328
-776332
-776480
-776380
-776488
-776504
-776380
-776380
-776496
-776400
-776340
-776272
-776200
-776200
-776052
-775856
-775736
-775924
-775984
-775912
-775840
-775932
-775928
-776068
-776140
-776224
-776172
-776020
-776156
-776128
-776440
-776556
-776704
-776740
-776784
-776852
-776588
-776696
-776808
-776840
-776776
-776840
-776812
-776788
-776824
-776780
-776824
-776716
-776640
-776556
-776624
-776688
-776700
-776616
-776628
-776624
-776516
-776468
-776412
-776200
-776136
-776088
-776200
-776248
-776236
-776296
-776316
-776544
-776548
-776580
-776696
-776556
-776584
-776656
-776540
-776572
-776512
-776424
-776536
-776460
-776496
-776364
-776560
-776708
-776792
-776824
-776828
-776872
-776768
-776812
-776916
-777040
-777104
-777084
-777096
-777220
-777276
-777244
-777212
-777196
-777276
-777392
-777328
-777204
-777112
-777052
-776816
-776876
-776936
-776988
-777148
-777200
-777224
-777144
-777180
-777164
-777244
-777112
-776996
-776916
-776872
-776816
-777048
-776988
-777008
-776980
-777176
-777092
-777124
-777164
-777092
-777136
-777100
-777064
-776972
-776956
-776984
-777040
-777008
-777092
-776912
-777064
-777016
-776912
-776980
-777084
-777060
-777004
-776956
-776948
-776812
-776808
-776756
-776688
-776704
-776784
-776772
-776924
-776936
-776824
-776784
-776752
-776784
-776684
-776620
-776612
-776800
-776748
-776604
-776568
-776568
-776524
-776420
-776348
-776404
-776624
-776516
-776272
-776252
-776404
-776544
-776568
-776512
-776420
-776432
-776508
-776580
-776464
-776356
-776396
-776412
-776436
-776316
-776296
-776348
-776556
-776572
-776760
-776636
-776684
-776672
-776584
-776568
-776568
-776424
-776572
-776448
-776444
-776460
-776476
-776684
-776744
-776712
-776640
-776692
-776800
-776932
-777068
-777012
-777016
-777124
-777172
-777188
-777148
-777244
-777300
-777252
-777460
-777664
-777748
-777764
-777792
-777784
-777820
-777800
-777808
-777928
-777936
-777824
-778000
-778064
-778032
-778008
-777904
-777948
-777880
-777980
-777980
-777912
-777856
-777932
-777976
-778248
-778256
-778244
-778312
-778424
-778392
-778300
-778356
-778300
-777940
-778088
-778028
-778108
-778196
-778308
-778492
-778532
-778516
-778436
-778552
-778480
-778532
-778848
-778756
-778804
-778648
-778488
-778656
-778640
-778676
-778568
-778648
-778524
-778472
-778460
-778504
-778428
-778352
-778420
-778296
-778440
-778532
-778672
-778536
-778356
-778432
-778580
-778532
-778552
-778688
-778784
-778768
-779200
-779228
-779148
-779320
-779356
-779316
-779420
-779372
-779460
-779336
-779320
-779340
-779344
-779244
-779120
-779068
-779136
-779188
-779096
-779008
-778904
-778932
-778700
-778672
-778576
-778612
-778528
-778772
-778828
-778912
-779012
-779048
-779060
-779036
-778972
-779032
-778964
-778800
-778732
-778576
-778644
-778680
-778692
-778752
-778684
-778492
-778404
-778356
-778296
-778316
-778284
-778324
-778200
-778128
-778076
-778092
-778360
-778392
-778740
-778784
-778808
-778484
-778444
-778356
-778440
-778428
-778372
-778312
-778052
-778256
-778220
-778252
-778300
-778464
-778560
-778540
-778544
-778256
-778236
-778372
-778276
-778132
-777796
-778056
-777780
-777948
-777852
-777852
-777836
-777936
-777788
-777780
-777828
-777804
-777800
-777828
-777928
-777760
-777648
-777752
-777656
-777668
-777880
-777912
-778072
-777972
-778024
-778048
-778064
-778068
-778132
-778160
-778304
-778424
-778456
-778260
-778216
-778188
-778052
-778132
-778296
-778288
-778384
-778244
-778412
-778428
-778404
-778356
-778520
-778540
-778628
-778748
-778796
-778764
-778660
-778776
-778720
-778736
-778720
-778688
-778740
-778768
-778924
-779136
-779120
-779184
-779140
-779096
-779008
-779044
-779044
-779044
-778808
-778756
-778668
-778776
-778804
-778704
-778620
-778620
-778592
-778672
-778684
-778636
-778612
-778668
-778660
-778692
-778724
-778640
-778620
-778632
-778460
-778496
-778368
-778488
-778492
-778560
-778644
-778664
-778716
-778808
-778824
-778832
-778764
-778704
-778840
-778760
-778972
-779232
-779156
-779148
-779024
-778900
-778888
-778960
-778928
-778832
-778760
-778712
-778848
-778748
-778688
-778772
-778716
-778844
-778916
-778776
-778912
-779044
-778964
-779008
-779244
-779188
-779196
-779212
-778832
-778688
-778688
-778708
-778880
-778816
-778852
-778876
-779168
-779064
-778936
-779072
-779020
-778968
-779020
-779012
-778888
-778964
-778732
-778652
-778700
-778888
-779020
-779012
-778860
-778732
-778488
-778492
-778568
-778720
-778656
-778784
-778688
-778608
-778664
-778696
-778756
-778664
-778480
-778604
-778496
-778516
-778540
-778240
-778148
-777944
-777988
-777964
-778008
-778076
-778048
-777728
-777744
-777804
-777780
-777592
-777348
-777324
-777356
-777324
-777268
-777440
-777392
-777304
-777224
-777084
-777052
-777020
-777040
-777008
-777004
-777104
-777128
-777148
-777152
-777220
-777192
-777132
-776996
-777060
-777180
-777260
-777300
-777216
-777224
-777216
-777456
-777536
-777548
-777400
-777332
-777320
-777284
-777364
-777348
-777372
-777328
-777280
-777400
-777284
-777232
-777160
-777280
-777320
-777372
-777336
-777252
-777344
-777212
-777264
-777132
-777012
-777004
-777040
-777020
-777036
-777048
-777136
-777268
-777252
-777056
-776996
-777100
-777112
-777000
-776876
-776936
-776920
-776908
-776816
-776704
-776968
-777016
-777024
-777100
-777120
-777016
-777136
-777252
-777360
-777428
-777396
-777488
-777444
-777568
-777608
-777600
-777692
-777664
-777940
-777996
-778072
-777956
-778004
-777948
-777780
-777824
-778004
-778036
-777960
-778080
-777964
-777904
-777920
-777984
-777956
-777848
-777716
-777820
-777888
-778008
-777944
-777832
-777816
-777892
-778068
-778040
-778048
-778044
-778048
-778080
-778156
-778220
-778244
-778324
-778628
-778648
-778500
-778556
-778440
-778440
-778544
-778460
-778452
-778456
-778472
-778348
-778488
-778484
-778396
-778316
-778340
-778160
-778248
-778164
-778240
-778240
-778248
-778300
-778524
-778448
-778476
-778432
-778652
-778660
-778640
-778640
-778628
-778472
-778436
-778432
-778480
-778540
-778628
-778620
-778636
-778788
-778736
-778872
-779008
-779212
-779056
-779208
-779140
-779188
-779324
-779256
-779252
-779336
-779460
-779468
-779556
-779580
-779336
-779324
-779364
-779484
-779360
-779456
-779624
-779676
-779736
-779856
-779948
-779892
-779856
-779836
-779776
-779648
-779648
-779668
-779664
-779508
-779428
-779336
-779240
-779164
-779284
-779260
-779156
-779100
-779136
-779116
-778712
-778608
-778652
-778652
-778704
-778704
-778700
-778656
-778696
-778752
-778564
-778432
-778392
-778324
-778332
-778372
-778360
-778344
-778160
-778152
-778088
-777932
-777708
-777704
-777580
-777608
-777764
-777752
-777596
-777860
-777872
-777876
-777780
-777736
-777760
-777684
-777712
-777836
-777900
-778016
-777896
-778016
-777904
-777716
-777744
-777692
-777776
-777904
-777980
-778156
-778140
-778156
-778012
-778032
-777944
-778036
-778132
-778160
-778244
-778080
-777952
-777780
-777712
-778268
-778284
-778200
-778216
-777740
-777640
-777380
-777464
-777300
-777384
-777308
-777352
-777400
-777408
-777664
-777848
-777880
-777892
-777708
-777916
-777968
-777924
-777972
-777948
-777996
-778008
-778004
-777960
-777964
-778140
-778188
-778432
-778560
-778484
-778444
-778312
-778428
-778388
-778456
-778720
-778872
-778744
-778712
-778764
-778848
-778816
-778600
-778692
-778664
-778484
-778436
-778452
-778388
-778460
-778420
-778360
-778364
-778252
-778204
-778164
-778188
-778260
-778228
-778004
-778120
-778100
-778064
-778012
-777984
-777976
-777760
-777560
-777384
-777372
-777404
-777292
-777296
-777376
-777272
-777108
-777016
-776988
-776932
-777004
-777096
-777128
-777176
-777272
-777136
-777220
-777152
-777168
-776976
-776908
-776852
-777008
-776888
-776876
-776828
-777008
-776952
-776988
-777028
-776932
-776884
-776896
-777048
-776800
-776792
-776720
-776480
-776580
-776640
-776540
-776404
-776360
-776404
-776444
-776444
-776468
-776520
-776528
-776592
-776580
-776640
-776692
-776836
-776916
-776868
-776748
-776816
-776780
-776700
-776804
-776860
-777040
-777116
-777124
-777024
-777196
-777124
-777196
-777108
-777360
-777372
-777556
-777196
-777288
-777320
-777332
-777352
-777364
-777300
-777300
-777404
-777376
-777284
-777260
-777268
-777200
-777204
-777200
-777232
-777084
-777236
-777224
-777284
-777352
-777276
-777172
-777192
-776976
-776920
-777000
-777132
-777156
-777252
-777428
-777556
-777612
-777596
-777608
-777624
-777472
-777416
-777496
-777584
-777640
-777572
-777576
-777648
-777564
-777728
-777692
-777892
-777796
-777884
-777912
-777916
-777992
-778004
-778128
-778088
-777956
-777960
-778064
-778076
-778156
-778328
-778384
-778312
-778596
-778656
-778544
-778516
-778560
-778636
-778620
-778652
-778412
-778532
-778456
-778480
-778584
-778728
-778816
-778864
-778880
-778876
-778860
-778856
-778940
-778964
-778908
-778964
-778888
-778996
-778968
-778964
-778940
-778856
-778760
-778880
-778984
-778940
-778904
-779048
-778972
-779028
-779208
-779100
-779200
-779084
-778988
-779064
-778900
-779000
-779012
-779156
-779248
-779488
-779496
-779496
-779448
-779468
-779440
-779324
-779404
-779396
-779360
-779512
-779408
-779576
-779820
-779764
-779920
-779984
-779896
-779944
-779936
-779900
-779848
-779788
-779868
-779656
-779616
-779584
-779684
-779564
-779620
-779908
-779860
-779856
-779964
-780036
-780096
-780028
-780052
-780024
-779992
-779880
-779916
-780068
-780024
-780024
-780196
-780208
-780304
-780340
-780200
-780140
-780272
-780304
-780368
-780400
-780500
-780500
-780516
-780472
-780596
-780520
-780536
-780524
-780588
-780572
-780340
-780512
-780552
-780516
-780588
-780536
-780480
-780600
-780440
-780472
-780264
-780216
-780272
-780480
-780404
-780392
-780220
-780072
-780108
-780012
-780004
-780036
-780076
-780060
-779944
-780176
-780108
-780092
-780028
-780048
-779996
-780036
-779872
-779912
-779984
-780040
-780020
-780272
-780188
-780216
-780184
-780200
-780032
-780024
-780152
-780168
-780088
-780072
-780112
-780196
-780180
-780220
-780328
-779964
-779888
-779924
-779884
-779608
-779716
-779736
-779744
-779860
-779992
-780032
-779996
-780032
-780088
-780124
-780068
-780124
-780040
-779944
-779952
-779836
-779700
-779636
-779708
-779452
-779380
-779404
-779392
-779528
-779608
-779512
-779764
-779728
-779904
-779676
-779636
-779580
-779616
-779584
-779576
-779444
-779272
-779180
-779156
-779232
-779116
-779240
-779232
-779212
-779168
-779180
-779232
-779420
-779332
-779272
-779472
-779588
-779900
-779844
-779616
-779604
-779620
-779744
-779712
-779632
-779800
-779812
-779836
-779892
-779832
-779984
-779884
-779864
-779808
-779596
-779564
-779608
-779496
-779432
-779364
-779468
-779604
-779424
-779496
-779444
-779260
-779080
-778932
-778932
-778960
-778924
-778916
-778848
-778900
-778844
-778800
-778664
-778596
-778464
-778284
-778356
-778320
-778028
-777980
-777948
-777828
-777812
-777812
-777792
-777808
-777912
-777732
-777864
-777876
-777948
-777960
-777948
-777976
-777996
-778080
-777984
-777996
-778064
-777976
-778256
-778072
-777896
-777872
-778012
-778056
-778052
-778092
-778032
-777960
-777964
-777956
-777968
-777864
-777800
-777776
-777728
-777748
-777660
-777608
-777652
-777656
-777588
-777660
-777560
-777456
-777424
-777476
-777520
-777476
-777484
-777496
-777476
-777540
-777520
-777916
-777996
-777884
-777960
-778136
-778124
-778284
-778172
-778188
-778160
-777864
-778208
-778040
-777940
-778024
-778116
-778004
-778084
-778064
-778200
-778100
-778036
-778044
-778172
-778288
-778252
-778184
-778200
-778324
-778020
-778124
-778208
-778300
-778392
-778288
-778448
-778484
-778532
-778488
-778520
-778612
-778664
-778796
-778780
-778720
-778832
-778728
-778644
-778620
-778568
-778488
-778436
-778276
-778312
-778480
-778404
-778396
-778424
-778280
-778064
-778068
-778124
-778152
-778088
-778084
-778028
-778008
-778048
-778148
-778092
-778468
-778756
-778884
-778864
-778768
-778908
-778908
-778884
-778848
-778820
-778984
-778744
-778860
-778820
-778852
-778952
-778864
-778944
-778948
-778884
-779020
-779144
-779228
-779232
-779212
-779328
-779672
-779444
-779312
-779120
-779240
-779248
-779360
-779228
-779324
-779212
-779228
-779308
-779340
-779348
-779460
-779292
-779236
-779352
-779200
-779172
-779080
-779052
-779000
-779076
-779184
-779080
-779116
-778964
-779520
-779468
-779536
-779612
-779652
-779480
-779492
-779528
-779672
-779640
-779392
-779324
-779388
-779348
-779200
-779116
-779128
-778916
-778980
-779040
-779024
-779060
-779044
-779248
-779404
-779408
-779300
-779196
-779196
-779220
-779252
-779192
-779232
-779276
-779212
-779280
-779268
-779084
-779028
-778872
-778868
-778808
-778836
-778740
-778484
-778492
-778468
-778548
-778620
-778364
-778376
-778284
-778532
-778424
-778384
-778528
-778516
-778540
-778588
-778720
-778696
-778560
-778492
-778536
-778456
-778548
-778500
-778444
-778332
-778376
-778452
-778504
-778692
-778596
-778788
-778708
-778720
-778692
-778744
-778692
-778756
-778756
-778696
-778704
-778640
-778672
-778756
-779048
-779000
-778972
-778832
-778684
-778584
-778804
-778848
-778740
-778328
-778524
-778460
-778580
-778500
-778528
-778564
-778500
-778672
-778724
-778696
-778696
-779336
-779436
-779528
-779568
-779704
-779940
-779796
-779560
-779500
-779692
-779664
-779800
-779696
-779868
-780196
-780184
-780156
-780128
-780140
-780216
-780200
-780504
-780452
-780496
-780608
-780508
-780420
-780332
-780468
-780380
-780452
-780364
-780296
-780232
-780316
-780356
-780272
-780472
-780320
-780408
-780476
-780496
-780512
-780348
-780436
-780352
-780380
-780568
-780520
-780416
-780456
-780392
-780356
-780316
-780176
-780104
-780092
-780088
-780132
-780264
-780264
-780144
-780156
-780008
-779912
-779824
-779780
-779664
-779564
-779616
-779692
-779748
-779708
-779760
-779888
-780084
-780124
-780280
-780148
-780044
-779996
-780068
-780084
-780052
-780056
-780020
-780148
-780132
-780100
-779992
-780040
-779924
-779800
-779716
-779716
-779736
-779764
-779912
-779928
-780012
-779860
-779748
-779796
-779792
-779892
-779928
-779900
-779840
-779908
-780012
-779916
-779836
-779872
-779808
-779776
-779752
-779780
-779896
-779904
-779860
-780004
-779992
-779880
-779772
-779800
-779552
-779464
-779460
-779492
-779364
-779256
-779360
-779380
-779432
-779500
-779532
-779464
-779460
-779360
-779292
-779220
-779232
-779280
-779316
-779500
-779672
-779584
-779520
-779408
-779304
-779604
-779728
-779568
-779492
-779560
-779400
-779428
-779360
-779232
-779216
-779200
-779000
-779052
-778932
-778800
-778776
-778780
-778652
-778604
-778628
-778548
-778472
-778416
-778468
-778580
-778588
-778680
-778708
-778800
-778944
-778848
-778776
-778688
-778788
-778936
-779100
-778652
-778704
-778872
-778976
-778968
-778656
-778532
-778484
-778412
-778340
-778432
-778472
-778424
-778588
-778556
-778456
-778576
-778496
-778388
-778348
-778184
-778092
-777864
-777924
-777996
-777940
-778072
-778104
-778216
-778292
-778260
-778568
-778576
-778632
-778656
-778568
-778604
-778664
-778804
-778732
-778516
-778524
-778472
-778524
-778516
-778624
-778864
-778664
-778628
-778552
-778548
-778608
-778664
-778624
-778792
-778788
-778920
-778884
-778964
-779140
-779212
-779296
-779376
-779592
-779608
-779644
-779588
-779536
-779420
-779276
-779332
-779172
-779032
-779028
-779204
-778932
-778920
-778784
-778764
-778828
-778912
-778916
-778988
-779020
-778996
-779036
-779256
-779232
-779164
-779424
-779368
-779372
-779316
-779248
-779240
-779108
-779232
-779360
-779424
-779560
-779584
-779564
-779636
-779616
-779856
-779708
-779796
-779840
-779992
-780012
-780092
-780200
-780268
-780112
-780564
-780804
-780836
-780708
-780796
-780880
-780708
-780572
-780632
-780816
-780732
-780732
-780792
-780740
-780932
-780816
-780928
-780736
-780868
-780924
-780896
-780852
-780828
-780744
-780692
-780828
-781032
-780800
-780660
-780672
-780584
-780600
-780792
-780872
-780808
-780840
-780860
-780788
-780732
-780352
-780388
-780688
-780660
-780688
-780588
-780400
-780352
-780280
-780420
-780272
-780264
-780284
-780376
-780336
-780280
-780476
-780572
-780500
-780460
-780376
-780380
-780248
-780272
-780272
-779968
-779564
-779824
-779884
-780024
-779972
-780320
-780348
-780428
-780432
-780568
-780724
-780972
-780884
-781008
-781152
-780848
-780888
-780824
-780864
-780824
-780928
-780892
-780876
-780648
-780600
-780952
-780588
-780488
-780244
-780288
-780264
-780280
-780168
-780144
-780300
-780308
-780500
-780604
-780456
-780336
-780320
-780304
-780292
-780096
-780064
-780200
-780232
-780396
-780484
-780612
-780576
-780536
-780580
-780636
-780660
-780784
-780796
-780724
-780720
-780576
-780468
-780572
-780540
-780588
-780568
-780488
-780368
-780612
-780764
-780484
-780408
-780472
-780468
-780448
-780400
-780440
-780428
-780408
-780436
-780384
-780328
-780164
-780132
-780092
-780144
-780188
-780220
-780236
-780136
-780108
-779980
-779936
-780060
-780092
-780128
-780148
-780032
-780080
-780112
-780088
-779992
-780000
-779896
-779988
-779904
-780032
-780088
-780236
-780344
-780372
-780476
-780492
-780480
-780440
-780372
-780380
-780428
-780376
-780368
-780432
-780480
-780488
-780508
-780400
-780244
-780320
-780380
-780352
-780384
-780512
-780340
-780312
-780344
-780532
-780200
-780164
-780124
-780020
-779972
-779996
-780072
-780016
-780016
-780024
-779896
-779764
-779880
-779804
-780064
-779972
-779868
-779884
-779872
-779936
-780080
-780180
-780092
-780264
-780320
-780196
-780256
-780180
-780200
-780200
-780208
-780320
-780316
-780296
-780312
-780412
-780432
-780428
-780408
-780324
-780124
-780216
-780604
-780864
-780816
-780784
-780860
-780872
-780944
-780976
-781024
-781172
-781056
-781100
-781164
-781212
-781264
-781144
-781284
-781240
-781200
-781244
-781384
-781124
-781088
-780828
-780908
-781208
-781432
-781604
-781540
-781488
-781444
-781304
-781112
-781112
-781128
-781196
-781116
-781108
-781108
-781612
-781784
-781940
-781824
-781908
-781884
-781896
-781948
-781820
-781844
-781852
-781764
-781860
-781760
-781776
-781320
-781312
-781332
-781248
-781156
-781268
-781296
-781376
-781260
-781104
-781044
-781052
-781080
-781064
-781048
-781104
-781168
-781100
-781212
-781160
-781240
-781224
-781252
-781364
-781328
-781240
-781312
-781420
-781348
-781372
-781564
-781728
-781748
-781820
-781696
-781732
-781600
-781496
-781568
-781672
-781752
-781540
-781480
-781228
-781448
-781540
-781568
-781380
-781480
-781400
-781512
-781608
-781692
-781788
-781744
-781704
-781788
-781788
-781840
-782036
-782092
-781860
-781728
-781612
-781580
-781644
-781684
-781688
-781832
-781712
-781712
-781588
-781408
-781340
-781324
-781344
-781344
-781356
-781276
-781204
-781140
-781140
-781156
-781368
-781308
-781176
-781108
-781228
-781072
-781012
-781064
-781032
-780996
-781104
-781120
-781072
-781124
-781028
-780920
-780712
-780700
-780808
-780776
-780836
-780816
-780872
-781012
-780948
-781036
-780952
-781032
-781108
-781116
-781156
-781148
-781200
-781344
-781304
-781236
-781220
-781160
-780992
-780996
-780968
-780740
-780684
-780696
-780536
-780448
-780392
-780284
-780152
-780176
-780144
-780196
-780304
-780276
-780600
-780532
-780412
-780452
-780460
-780504
-780704
-780652
-780528
-780520
-780544
-780580
-780596
-780548
-780556
-780224
-780224
-780192
-780164
-780168
-780104
-780132
-780268
-780208
-780164
-780152
-780100
-780108
-780060
-780188
-780108
-780364
-780500
-780624
-780896
-781028
-781180
-781256
-781204
-781320
-781420
-781352
-781376
-781288
-781316
-781512
-781748
-781832
-781980
-781812
-781980
-781760
-781780
-781648
-781452
-781612
-781520
-781480
-781392
-781384
-781496
-781052
-781040
-781020
-781212
-781172
-781088
-781116
-781116
-781260
-781248
-781072
-781092
-780976
-780940
-780836
-780824
-780916
-780992
-781084
-780980
-780876
-780808
-780800
-780640
-780640
-780652
-780544
-780720
-780696
-780980
-780968
-781032
-781196
-781244
-781032
-780940
-781104
-781080
-781004
-781104
-781588
-781472
-781360
-781444
-781500
-781600
-781632
-781720
-781792
-781756
-781792
-781848
-781824
-781912
-781964
-781948
-781904
-781772
-781792
-781772
-781868
-782060
-782032
-781960
-782012
-782188
-782220
-782376
-782440
-782500
-782596
-782472
-782464
-782604
-782612
-782520
-782548
-782624
-782540
-782500
-782400
-782376
-782264
-782356
-782320
-782360
-782388
-782468
-782376
-782420
-782416
-782340
-782268
-782196
-782176
-782296
-782340
-782260
-782248
-782188
-782220
-782172
-782072
-782128
-782016
-782084
-782052
-782152
-782032
-782064
-782004
-781840
-781820
-781972
-782344
-782332
-782420
-782276
-782296
-782616
-783196
-783152
-783196
-783124
-783056
-782888
-782884
-782816
-782796
-782632
-782416
-782428
-782504
-782424
-782520
-782588
-782624
-782504
-782796
-782844
-782812
-782820
-782808
-782668
-782676
-782664
-782696
-782600
-782556
-782708
-782780
-782740
-782820
-782764
-782644
-782740
-782812
-782908
-782900
-782836
-782808
-782756
-782756
-782812
-782720
-782784
-782720
-782668
-782704
-782804
-782888
-782956
-782960
-782964
-782928
-782992
-782976
-783008
-783144
-783132
-783128
-783124
-783156
-783240
-783284
-783368
-783288
-783132
-783256
-783196
-783288
-783144
-783076
-783072
-782960
-783084
-783128
-783088
-783176
-783300
-783348
-783456
-783304
-783204
-783292
-783348
-783420
-783368
-783428
-783288
-783284
-783308
-783404
-783432
-783236
-783376
-783396
-783476
-783572
-783604
-783160
-783440
-783380
-783308
-783180
-783152
-783152
-783056
-783072
-783156
-783176
-783188
-783288
-783304
-783240
-783160
-783100
-783216
-783216
-783152
-782888
-782884
-782908
-782956
-783012
-782972
-782992
-782928
-782940
-782912
-782780
-783016
-783452
-783416
-783552
-783400
-783324
-783280
-783148
-783344
-783440
-783320
-783312
-783388
-783412
-783384
-783256
-783376
-783280
-783392
-783344
-783336
-783404
-783472
-783308
-783128
-783164
-783088
-783236
-783104
-783184
-783260
-783264
-783144
-783256
-783136
-783048
-782912
-782924
-782880
-782752
-782852
-782920
-783076
-783064
-783136
-783068
-783016
-783024
-782980
-783012
-782980
-783040
-783128
-783076
-783120
-783092
-783100
-783080
-783128
-783328
-783360
-783376
-783432
-783256
-783228
-783272
-783204
-783152
-783356
-783332
-783608
-783604
-783564
-783464
-783536
-783484
-783472
-783516
-783320
-783240
-783184
-783304
-783344
-783212
-783040
-783004
-782700
-783000
-783152
-783172
-783168
-783096
-783060
-783176
-783096
-783052
-783120
-783076
-783052
-783068
-783004
-782968
-782772
-782652
-782900
-782928
-782844
-783140
-783240
-783260
-783416
-783364
-783332
-783396
-783320
-783144
-783508
-783428
-783824
-783820
-783820
-783744
-783876
-783804
-783836
-783780
-783796
-783732
-783760
-783808
-783896
-784052
-783880
-783836
-783852
-783764
-783772
-783820
-783968
-784252
-784156
-784260
-784240
-784436
-784272
-784156
-784068
-783908
-783900
-783960
-783960
-783972
-784032
-783848
-783832
-783804
-783792
-783888
-783884
-783932
-783908
-783952
-784176
-784100
-784296
-784400
-784252
-784100
-784132
-784216
-784288
-784244
-784292
-784300
-784320
-784140
-784144
-784164
-784208
-784056
-784280
-784480
-784328
-784284
-783992
-783992
-783640
-783556
-783504
-783644
-783740
-783924
-783808
-784116
-784144
-784356
-784360
-784404
-784356
-784316
-784080
-784172
-784220
-784304
-784220
-784168
-784132
-784144
-784160
-784220
-784040
-784036
-784000
-783984
-783852
-784000
-783996
-784028
-784044
-783944
-783984
-784120
-784072
-784176
-784232
-784168
-784184
-784072
-784124
-784144
-784140
-784140
-784244
-784372
-784512
-784528
-784504
-784504
-784544
-784468
-784596
-784520
-784648
-784616
-784724
-784512
-784356
-784368
-784288
-784252
-784384
-784368
-784516
-784396
-784340
-784388
-784412
-784476
-784492
-784496
-784616
-784804
-784732
-784620
-784524
-784652
-784728
-784668
-784696
-784724
-784720
-784956
-784972
-785164
-785008
-784888
-784760
-784772
-784780
-784488
-784392
-784280
-784308
-784284
-784272
-784204
-784296
-784256
-784180
-784096
-784044
-784028
-783836
-783884
-783948
-784172
-784256
-784124
-784144
-784140
-783984
-784044
-783980
-783956
-783812
-783816
-783828
-783824
-783844
-783792
-783604
-783668
-783684
-783616
-783604
-783524
-783600
-783472
-783576
-783568
-783572
-783676
-783568
-783580
-783588
-783504
-783548
-783584
-783500
-783376
-783352
-783304
-783072
-783428
-783436
-783368
-783400
-783540
-783460
-783668
-783484
-783388
-783340
-783384
-783408
-783428
-783588
-783564
-783580
-783568
-783552
-783616
-783580
-783668
-783824
-783772
-783872
-783932
-783844
-783908
-783832
-783764
-783808
-783876
-784056
-784276
-784296
-784276
-783936
-784036
-784028
-784044
-784012
-783824
-783792
-783804
-783952
-784064
-783932
-783996
-783988
-784028
-783996
-783924
-784012
-784020
-784004
-783820
-783852
-783992
-784108
-784184
-783952
-783884
-784024
-784172
-784380
-784412
-784472
-784344
-784364
-784572
-784580
-784584
-784596
-784788
-784792
-784600
-784520
-784552
-784676
-784604
-784532
-784412
-784288
-784200
-784076
-783920
-783948
-783924
-783956
-784248
-784148
-784216
-784424
-784356
-784428
-784536
-784516
-784500
-784488
-784504
-784708
-784776
-784836
-784832
-784620
-784688
-784428
-784472
-784508
-784376
-784324
-784352
-784488
-784476
-784432
-784348
-784284
-784244
-784336
-784212
-784208
-784100
-784056
-784232
-784320
-784240
-784360
-784412
-784536
-784540
-784624
-784536
-784528
-784680
-784748
-784756
-784936
-784920
-784788
-784832
-784916
-784904
-784844
-784988
-784972
-784808
-784856
-784796
-784724
-784616
-784504
-784548
-784420
-784384
-784496
-784672
-784596
-784576
-784576
-784488
-784544
-784384
-784360
-784284
-784264
-784308
-784324
-784276
-784248
-784320
-784320
-784608
-784620
-784684
-784656
-784764
-784744
-784696
-784524
-784584
-784704
-784628
-784768
-784868
-784948
-784856
-784876
-785064
-785168
-785276
-785252
-785312
-785264
-785332
-785324
-785212
-785280
-785480
-785456
-785500
-785476
-785416
-785428
-785436
-785416
-785336
-785356
-785380
-785324
-785396
-785360
-785284
-785268
-785284
-784992
-785080
-785096
-785000
-784920
-784972
-784828
-784796
-784748
-784860
-785008
-784872
-784820
-784928
-784980
-784908
-785020
-785148
-784948
-784940
-785016
-785052
-784648
-784616
-784668
-784724
-784868
-784824
-784828
-784860
-784844
-784916
-785008
-785024
-785084
-785112
-785092
-785036
-785036
-785164
-785048
-785072
-785072
-785060
-784860
-784884
-784840
-784804
-784816
-785048
-785060
-784832
-784908
-784880
-784968
-784972
-784872
-784944
-784560
-784696
-784736
-784688
-784692
-784732
-784660
-784812
-784812
-784888
-784804
-784864
-784776
-784900
-785028
-784980
-785096
-785240
-785260
-785440
-784976
-785056
-784960
-784988
-784948
-785028
-784972
-784984
-785112
-785112
-785056
-785088
-784860
-784944
-784972
-784932
-784864
-784932
-784920
-784940
-784940
-784808
-784972
-785108
-785176
-785480
-785784
-785800
-785780
-785900
-785932
-785836
-785820
-785864
-785792
-785772
-785772
-785696
-785700
-785760
-785764
-785764
-785692
-785640
-785648
-785600
-785760
-785840
-786020
-786004
-786064
-785884
-785896
-785940
-786068
-786108
-786180
-786164
-786216
-786048
-786012
-785980
-785852
-785800
-785600
-785540
-785576
-785604
-785852
-785760
-785692
-785600
-785604
-785476
-785352
-785200
-785312
-785292
-785316
-785400
-785308
-785320
-785336
-785380
-785284
-785236
-785424
-785372
-785384
-785352
-785144
-785456
-785492
-785380
-785376
-785532
-785456
-785416
-785312
-785200
-785144
-785208
-785172
-785208
-785520
-785516
-785544
-785508
-785596
-785672
-785840
-785768
-785828
-785932
-785984
-785940
-786032
-785932
-785672
-785504
-785488
-785320
-785408
-785460
-785416
-785504
-785536
-785548
-785412
-785440
-785344
-785244
-785208
-785184
-785064
-785044
-784860
-784944
-785000
-785004
-785064
-785052
-785140
-785188
-785228
-785284
-785344
-785484
-785484
-785492
-785416
-785556
-785684
-785764
-785996
-786120
-786288
-786324
-786268
-786264
-786240
-786140
-786080
-786260
-786316
-786204
-786184
-786380
-786372
-786596
-786544
-786328
-786428
-786316
-786156
-786212
-786248
-786176
-786160
-786000
-785936
-785924
-785936
-785908
-786000
-785856
-785756
-786044
-785972
-786128
-786120
-786132
-785968
-786104
-786116
-786028
-785832
-785972
-785816
-785640
-785676
-785748
-785684
-785880
-785932
-785948
-785888
-785780
-785844
-785972
-786016
-786172
-786104
-786152
-786128
-786292
-786332
-786296
-786192
-786408
-786240
-786016
-785980
-786060
-786036
-786072
-786016
-786140
-786296
-786288
-786220
-786172
-786064
-786232
-786072
-786092
-786300
-786108
-786040
-786172
-785996
-785936
-786080
-785992
-786120
-786164
-786256
-786260
-786208
-786260
-786392
-786440
-786404
-786436
-786452
-786460
-786528
-786432
-786412
-786496
-786492
-786600
-786480
-786504
-786508
-786548
-786512
-786524
-786428
-786328
-786396
-786176
-786264
-786248
-786040
-785888
-785892
-786096
-786112
-786040
-786120
-786280
-786372
-786340
-786484
-786464
-786412
-786464
-786404
-786456
-786620
-786448
-786384
-786196
-786212
-786252
-786568
-786560
-786460
-786492
-786364
-786380
-786384
-786044
-785836
-785948
-786024
-786088
-786152
-786144
-785808
-785872
-785932
-786004
-786004
-786092
-786164
-786088
-786000
-785844
-785604
-785564
-785600
-785488
-785408
-785324
-785372
-785252
-785144
-785084
-785012
-784908
-784964
-785068
-784944
-784872
-784760
-784652
-784508
-784544
-784964
-785072
-784996
-784864
-784676
-784704
-784600
-784664
-784612
-784544
-784696
-784504
-784652
-784460
-784460
-784392
-784396
-784348
-784364
-784524
-784636
-784600
-784608
-784668
-784696
-784784
-784820
-784832
-784576
-784560
-784564
-784564
-784380
-784400
-784292
-784124
-784136
-784152
-784076
-784156
-784028
-783964
-784108
-784148
-784172
-784176
-784032
-783904
-783836
-783764
-783720
-783660
-783744
-783828
-783724
-783832
-783796
-783980
-783824
-783888
-784108
-784128
-784012
-783876
-783808
-783840
-784100
-784216
-783972
-784044
-784196
-784356
-784236
-784208
-784324
-784212
-784200
-784196
-784188
-784180
-784228
-784188
-784136
-784048
-783956
-783948
-783928
-783964
-783912
-783920
-783928
-784028
-783952
-783832
-783708
-783672
-783544
-783644
-783608
-783784
-783756
-783760
-783780
-783564
-783724
-783656
-783796
-784000
-783828
-783616
-783588
-783704
-783664
-783692
-783716
-783736
-783812
-783844
-783672
-783624
-783712
-783668
-783552
-783396
-783384
-783316
-783248
-783200
-783192
-783164
-783304
-783392
-783412
-783368
-783484
-783564
-783648
-783636
-783676
-783800
-783944
-783868
-783820
-783904
-783788
-783832
-783668
-783696
-783828
-783948
-784084
-784052
-784084
-784024
-784160
-784148
-784096
-783832
-783916
-783920
-784004
-783920
-784084
-784100
-784200
-784280
-784284
-784284
-784108
-784232
-784144
-784276
-784208
-784460
-784244
-784268
-784304
-784540
-784644
-784668
-784760
-784800
-784688
-784532
-784208
-784256
-784228
-784148
-784084
-784152
-784136
-784116
-784012
-783852
-783692
-783724
-783352
-783460
-783644
-783724
-783824
-783772
-783468
-783328
-783384
-783340
-783348
-783388
-783296
-783220
-783140
-783336
-783348
-783404
-783512
-783500
-783516
-783476
-783356
-783392
-783452
-783544
-783440
-783484
-783632
-783532
-783468
-783392
-783412
-783476
-783400
-783460
-783504
-783572
-783472
-783388
-783428
-783272
-783380
-783492
-783608
-783632
-783628
-783500
-783540
-783724
-783920
-783808
-783712
-783696
-783896
-783928
-784000
-783932
-783828
-783748
-783828
-783864
-784084
-783952
-783852
-783820
-783804
-783772
-783672
-783596
-783520
-783520
-783304
-783260
-783176
-783180
-783244
-783108
-783428
-783440
-783316
-783264
-783376
-783408
-783484
-783536
-783680
-783740
-783688
-783772
-784064
-784000
-784256
-784264
-784148
-784088
-784180
-784244
-784212
-784300
-784364
-784320
-784336
-784320
-784360
-784248
-784248
-784152
-784068
-783932
-784060
-784020
-783964
-783992
-784144
-783876
-783856
-783848
-783936
-783972
-784076
-784040
-784020
-783936
-784000
-783888
-783852
-783912
-783924
-784016
-783952
-783880
-783888
-783784
-783712
-783816
-783600
-783644
-783776
-783852
-783924
-783936
-783936
-783900
-783860
-783924
-783884
-783884
-783852
-783904
-783836
-783656
-783716
-783728
-783740
-783804
-783736
-783708
-783860
-783792
-783928
-783884
-783924
-783804
-783704
-783752
-784036
-784080
-784120
-784180
-784340
-784348
-784428
-784688
-784500
-784604
-784676
-784504
-784476
-784396
-784352
-784392
-784580
-784672
-784696
-784600
-784652
-784656
-784516
-784692
-784640
-784600
-784552
-784560
-784132
-784244
-784196
-784188
-784076
-784040
-783964
-784036
-784016
-784052
-784132
-784184
-784300
-784160
-784236
-784152
-784360
-784324
-784432
-784296
-784244
-784308
-784240
-783976
-784080
-784108
-784192
-784144
-784172
-784332
-784356
-784272
-784216
-784264
-784348
-784412
-784336
-784288
-784152
-784212
-784296
-784372
-784408
-784260
-784484
-784480
-784544
-784328
-784388
-784444
-784744
-784740
-784620
-784584
-784520
-784564
-784568
-784560
-784608
-784572
-784476
-784580
-784592
-784572
-784584
-784708
-784676
-784636
-784632
-784684
-784864
-784928
-784960
-784936
-784888
-784936
-784836
-784824
-784892
-784764
-784720
-784752
-784920
-784872
-784884
-784804
-784924
-784840
-784784
-784816
-784632
-784796
-784872
-784952
-785192
-785372
-785328
-785232
-785276
-785328
-785236
-785324
-785404
-785292
-785196
-785024
-785060
-785140
-785300
-785280
-785300
-785356
-785488
-785604
-785524
-785540
-785580
-785668
-785668
-785796
-785916
-786036
-786172
-786072
-786116
-786064
-785960
-785936
-785996
-785904
-785824
-785904
-785776
-785724
-785528
-785348
-785248
-785128
-785012
-784860
-784820
-784748
-784704
-784680
-784620
-784616
-784720
-784896
-784956
-784828
-785000
-785188
-785112
-785088
-784940
-785068
-785052
-784956
-785188
-785164
-785176
-785212
-785384
-785152
-784848
-784828
-784864
-784872
-784892
-784868
-784916
-784860
-784752
-784772
-784836
-785028
-784944
-784868
-784856
-785060
-785136
-785216
-785152
-785204
-785160
-785296
-785364
-785332
-785248
-785284
-785220
-785232
-785320
-785388
-785380
-785416
-785440
-785256
-785172
-785232
-785216
-785268
-785200
-785132
-785104
-785196
-785184
-785104
-785376
-785512
-785636
-785528
-785368
-785524
-785568
-785516
-785628
-785616
-785676
-785648
-785480
-785464
-785384
-785388
-785292
-785264
-785424
-785472
-785592
-785504
-785296
-785412
-785244
-785312
-785380
-785412
-785616
-785660
-785444
-785284
-785216
-785200
-785000
-784808
-784840
-784848
-784876
-784836
-784876
-784880
-785168
-785200
-785140
-785144
-785176
-785216
-785176
-784964
-784720
-784736
-784716
-784476
-784292
-784456
-784476
-784460
-783976
-783988
-784004
-783812
-783736
-783584
-783492
-783496
-783592
-783368
-783368
-783416
-783444
-783464
-783460
-783420
-783472
-783688
-783616
-783608
-783584
-783560
-783520
-783356
-783172
-783080
-783144
-783032
-783192
-783172
-783104
-783056
-783120
-782964
-782928
-782940
-782928
-783060
-783084
-783004
-782796
-782716
-782636
-782740
-782584
-782348
-782300
-782352
-782540
-782536
-782396
-782580
-782720
-782660
-782604
-782712
-782724
-782676
-782624
-782624
-782716
-782696
-782808
-782716
-782668
-782700
-782724
-782576
-782528
-782480
-782400
-782404
-782580
-782520
-782528
-782388
-782300
-782220
-782280
-782396
-782460
-782440
-782444
-782480
-782588
-782488
-782388
-782436
-782504
-782456
-782496
-782344
-782404
-782344
-782260
-782272
-782328
-782392
-782316
-782064
-782200
-782540
-782536
-782568
-782652
-782640
-782620
-782692
-782544
-782448
-782492
-782636
-782596
-782580
-782524
-782404
-782548
-782508
-782588
-782540
-782564
-782436
-782616
-782660
-782776
-782796
-782744
-782644
-782508
-782496
-782404
-782396
-782376
-781956
-781984
-781984
-782096
-782184
-781896
-781952
-781840
-781708
-781540
-781484
-781744
-781712
-781708
-781648
-781672
-781560
-781500
-781688
-781688
-781488
-781656
-781664
-781644
-781724
-781736
-781832
-781912
-781980
-782048
-782136
-782244
-782336
-782448
-782584
-782676
-782696
-782948
-782840
-782860
-782868
-782872
-782804
-782708
-782800
-782948
-782884
-782816
-782836
-782864
-783116
-783072
-783204
-783268
-783160
-783112
-783116
-783056
-783004
-782848
-782756
-782740
-782732
-782612
-782696
-782520
-782504
-782412
-782404
-782360
-782300
-782284
-782296
-782452
-782492
-782488
-782448
-782456
-782548
-782552
-782496
-782492
-782508
-782416
-782384
-782352
-782464
-782340
-782408
-782348
-782228
-782164
-782128
-781956
-782024
-781992
-782020
-782140
-782220
-782240
-782168
-782308
-782336
-782412
-782368
-782400
-782464
-782272
-782228
-782172
-782196
-782096
-782092
-781936
-781844
-782072
-782140
-782048
-781944
-781940
-781620
-781836
-781952
-781960
-782180
-782244
-782236
-782240
-782264
-782336
-782332
-782464
-782436
-782456
-782548
-782384
-782348
-782404
-782432
-782360
-782232
-782288
-782268
-782408
-782396
-782400
-782388
-782412
-782436
-782476
-782264
-782176
-782072
-782272
-782252
-782348
-782368
-782692
-782692
-782708
-782772
-782784
-782772
-782852
-782820
-782824
-782848
-782664
-782784
-782896
-782904
-782852
-782412
-782392
-782404
-782400
-782284
-782176
-782128
-782080
-782036
-782016
-782004
-782052
-782236
-782240
-782140
-782332
-782332
-782348
-782224
-782296
-782048
-782184
-782408
-782364
-782384
-782344
-782144
-782176
-782188
-782308
-782180
-782184
-782132
-782080
-782264
-782164
-781880
-781856
-782168
-782132
-782176
-782356
-782344
-782276
-782240
-782304
-782232
-782212
-782388
-782364
-782328
-782364
-782340
-782444
-782340
-782332
-782292
-782416
-782408
-782444
-782588
-782492
-782460
-782600
-782632
-782620
-782460
-782472
-782608
-782380
-782292
-782140
-781980
-781992
-782080
-782160
-782172
-782016
-782104
-782188
-782376
-782332
-782200
-782120
-782112
-782048
-782016
-782280
-782280
-782348
-782484
-782520
-782436
-782448
-782604
-782516
-782556
-782580
-782668
-782980
-783040
-783152
-783124
-783076
-783064
-782940
-783056
-783016
-782948
-782920
-782988
-782936
-782856
-782820
-782852
-782900
-782792
-782916
-782784
-782844
-782912
-782936
-782888
-783072
-782952
-783052
-783240
-783324
-783340
-783392
-783440
-783400
-783444
-783408
-783164
-783156
-783152
-783008
-782980
-783192
-783212
-783156
-783108
-783228
-783224
-783112
-783212
-783260
-783324
-783384
-783364
-783348
-783360
-783440
-783356
-783284
-783208
-783192
-783244
-783212
-783308
-783528
-783724
-783756
-783600
-783720
-783876
-783820
-783672
-783696
-783716
-783844
-783704
-783596
-783532
-783540
-783520
-783540
-783548
-783580
-783436
-783392
-783128
-783340
-783440
-783296
-783268
-783224
-783504
-783408
-783468
-783596
-783708
-783624
-783712
-783864
-783952
-784200
-784128
-784300
-784292
-784400
-784416
-784396
-784268
-784168
-784180
-784132
-784120
-784112
-784092
-784028
-784100
-784116
-784092
-784160
-784200
-784000
-783912
-784020
-783828
-783940
-783944
-784072
-784180
-784216
-784128
-784140
-784172
-784112
-784064
-784048
-783964
-783836
-783820
-783768
-783848
-783676
-783624
-783804
-783792
-783704
-783704
-783608
-783608
-783720
-783672
-783660
-783736
-783788
-784000
-783968
-783912
-783936
-783804
-783852
-783732
-783780
-783800
-783732
-783496
-783448
-783432
-783392
-783556
-783520
-783408
-783440
-783364
-783276
-783408
-783340
-783292
-783432
-783224
-783372
-783312
-783436
-783256
-783056
-783000
-783004
-782872
-782912
-783008
-782988
-783124
-783288
-783408
-783552
-783436
-783440
-783432
-783524
-783264
-783400
-783408
-783680
-783608
-783620
-783732
-783832
-783732
-783740
-783820
-783684
-783576
-783556
-783592
-783680
-783688
-783536
-783372
-783348
-783264
-783196
-783280
-783220
-783100
-783160
-783088
-783200
-783120
-783016
-783072
-783052
-782976
-783208
-783244
-783316
-783360
-783388
-783364
-783380
-783344
-783208
-783332
-783308
-783476
-783816
-783884
-783788
-783776
-783456
-783412
-783548
-783508
-783504
-783588
-783520
-783820
-783880
-783836
-783828
-783772
-783732
-783700
-783704
-783644
-783560
-783572
-783680
-783812
-783708
-783548
-783516
-783252
-783204
-783244
-783424
-783236
-783144
-783216
-783096
-783152
-783080
-782860
-782828
-782804
-782820
-783036
-783116
-783052
-782964
-783044
-783044
-782984
-783136
-783148
-783148
-783204
-783256
-783296
-783340
-783296
-783312
-783392
-783452
-783416
-783440
-783400
-783304
-783172
-783064
-783072
-783128
-783016
-782988
-782912
-782952
-782820
-782768
-782792
-782892
-782920
-782908
-782876
-782696
-782616
-782812
-782756
-782920
-782896
-782936
-783132
-783100
-783128
-783100
-783088
-783176
-783152
-783244
-783344
-783224
-783156
-783200
-783364
-783328
-783452
-783356
-783508
-783476
-783552
-783568
-783640
-783588
-783652
-783496
-783420
-783340
-783412
-783484
-783292
-783112
-783032
-783020
-783032
-782944
-782956
-783088
-783100
-783192
-783032
-782856
-782868
-783036
-783008
-783124
-782972
-782840
-782888
-783076
-783064
-783044
-783312
-783252
-783232
-783104
-783092
-783056
-782948
-783072
-783212
-782964
-782940
-782976
-783008
-782792
-782804
-782780
-782668
-782704
-782760
-782556
-782508
-782296
-782436
-782280
-782280
-782256
-782200
-782244
-782336
-782380
-782284
-782296
-782488
-782508
-782448
-782484
-782548
-782468
-782484
-782356
-782384
-782336
-782384
-782480
-782636
-782628
-782424
-782296
-782372
-782372
-782336
-782296
-782396
-782672
-782632
-782540
-782564
-782664
-782532
-782420
-782464
-782552
-782604
-782552
-782508
-782536
-782576
-782784
-782880
-782880
-782716
-782672
-782644
-782680
-782712
-782748
-782628
-782748
-782808
-782740
-782728
-782504
-782332
-782368
-782336
-782348
-782360
-782456
-782320
-782340
-782260
-782240
-782176
-782136
-781976
-782072
-782132
-782232
-782240
-782264
-782344
-782328
-782604
-782656
-782532
-782608
-782732
-782892
-783076
-783004
-782944
-783044
-783112
-783136
-783156
-783304
-783096
-783300
-783404
-783420
-783508
-783596
-783704
-783700
-783692
-783708
-783548
-783748
-783796
-783732
-783652
-783632
-783416
-783772
-783784
-783836
-783756
-783812
-783752
-783916
-783956
-783936
-783972
-784152
-784272
-784244
-784456
-784576
-784540
-784352
-784132
-783928
-783848
-783684
-783624
-783612
-783460
-783480
-783452
-783320
-783204
-783236
-783248
-783240
-783084
-783096
-783276
-783448
-783352
-783216
-783304
-783392
-783452
-783468
-783588
-783268
-783360
-783352
-783432
-783644
-783700
-783688
-783736
-783556
-783668
-783552
-783568
-783640
-783876
-783700
-783604
-783684
-783668
-783512
-783644
-783664
-783712
-783704
-783656
-783716
-783776
-783756
-783828
-784084
-784076
-784120
-784052
-784104
-783888
-783764
-783840
-783848
-783848
-783800
-783756
-783808
-783908
-784028
-783992
-784120
-784072
-784128
-784236
-784168
-784108
-784128
-784028
-784092
-784040
-784048
-783992
-784004
-783944
-783804
-783696
-783684
-783764
-783696
-783556
-783424
-783372
-783352
-783348
-783232
-783564
-783620
-783404
-783284
-783224
-783264
-783396
-783592
-783628
-783460
-783496
-783236
-783220
-783256
-783236
-783428
-783176
-783164
-783460
-783324
-783304
-783264
-783132
-783028
-783140
-783356
-783328
-783416
-783168
-783288
-783160
-783256
-783436
-783460
-783484
-783400
-783348
-783416
-783456
-783400
-783324
-783416
-783564
-783616
-783516
-783464
-783516
-783532
-783536
-783648
-783756
-783724
-783808
-783784
-783604
-783496
-783552
-783592
-783672
-783508
-783476
-783332
-783280
-783152
-783268
-783200
-783408
-783652
-783584
-783480
-783484
-783628
-783644
-783644
-783884
-783864
-783912
-783852
-783716
-783832
-784000
-784080
-784100
-784012
-783832
-783932
-783988
-783880
-783928
-783944
-784064
-784100
-783908
-783932
-783912
-783960
-784124
-784188
-784100
-783996
-783992
-783968
-784184
-784260
-784332
-784376
-784344
-784288
-784440
-784384
-784476
-784508
-784712
-784776
-784936
-784932
-784620
-784604
-784608
-784152
-784196
-784288
-784284
-784304
-784244
-784360
-784296
-784104
-784124
-783920
-783916
-784040
-784032
-784220
-784188
-784188
-784152
-784096
-784136
-784076
-784096
-784084
-783900
-783924
-784028
-783992
-783980
-784016
-783892
-783860
-783844
-783860
-783788
-783836
-783552
-783684
-783624
-783556
-783700
-783744
-783816
-783864
-783920
-783748
-783484
-783604
-783648
-783572
-783644
-783668
-783484
-783500
-783400
-783312
-783416
-783444
-783120
-783160
-783136
-782868
-782936
-783020
-783108
-783136
-783276
-783272
-783308
-783356
-783340
-783408
-783396
-783812
-783948
-784056
-784220
-784276
-784352
-784280
-784248
-784080
-784044
-784168
-784196
-784024
-784052
-784000
-784088
-784088
-784120
-784176
-784104
-784176
-784032
-784040
-784124
-784084
-784128
-784188
-784232
-784168
-784168
-784276
-784276
-784264
-784332
-784280
-784484
-784416
-784356
-784180
-784004
-784136
-784104
-783996
-783992
-784036
-784092
-784220
-784188
-784116
-784492
-784608
-784656
-784664
-784640
-784596
-784592
-784588
-784460
-784448
-784320
-784288
-784436
-784416
-784524
-784180
-784152
-784076
-783944
-783936
-783748
-783660
-783664
-783672
-783716
-783624
-783556
-783504
-783476
-783476
-783208
-783180
-783104
-783156
-783148
-783096
-783328
-783344
-783292
-783320
-783420
-783444
-783400
-783408
-783532
-783636
-783372
-783200
-783072
-783204
-783356
-783320
-783324
-783304
-783300
-783496
-783424
-783476
-783572
-783472
-783480
-783352
-783472
-783516
-783416
-783344
-783392
-783356
-783344
-782828
-782780
-782620
-782608
-782560
-782540
-782648
-782792
-782752
-782700
-782712
-782864
-783024
-782752
-782760
-782468
-782484
-782444
-782264
-782268
-782244
-782440
-782488
-782488
-782408
-782568
-782440
-782524
-782612
-782620
-782596
-782552
-782440
-782244
-782324
-782048
-781932
-781948
-782132
-782048
-781628
-781732
-781736
-781732
-781792
-781640
-781592
-781600
-781612
-781440
-781468
-781504
-781492
-781656
-781772
-781748
-781876
-781672
-781836
-781908
-782068
-782024
-782032
-782080
-781972
-782016
-781884
-781812
-781744
-781676
-781608
-781648
-781664
-781608
-781596
-781644
-781712
-781780
-781516
-781248
-781348
-781360
-781428
-781400
-781376
-781392
-781504
-781696
-781732
-781596
-781908
-781752
-781768
-781728
-781584
-781596
-781584
-781516
-781588
-781648
-781824
-781816
-781668
-781592
-781684
-781652
-781732
-781664
-781684
-781588
-781636
-781700
-781720
-781668
-781644
-781644
-781724
-781660
-781664
-781788
-781704
-781728
-781852
-781812
-781604
-781588
-781400
-781344
-781220
-781160
-781012
-781112
-781076
-781060
-781064
-780892
-780760
-780976
-780992
-780876
-781084
-781032
-781180
-781272
-781120
-781184
-780988
-781016
-780900
-780956
-780980
-781072
-781068
-780960
-781044
-781016
-780928
-780836
-780936
-780852
-780768
-780688
-780604
-780700
-780704
-780664
-780948
-780860
-781020
-780868
-780900
-781000
-780896
-780964
-780920
-780960
-780976
-780792
-780880
-780956
-781012
-781024
-781320
-781120
-780936
-780888
-780976
-780920
-781056
-781080
-781092
-781184
-781212
-781152
-781228
-781128
-781080
-781056
-781072
-781052
-781080
-780836
-780824
-780808
-781048
-781128
-781168
-780940
-781076
-780904
-780816
-780852
-780964
-781084
-781040
-781072
-780936
-781040
-780916
-780916
-780868
-780908
-780980
-780760
-780632
-780612
-780640
-780716
-780728
-780732
-780732
-780692
-780700
-780544
-780560
-780588
-780544
-780616
-780416
-780280
-780332
-780764
-780864
-781012
-780980
-781036
-781316
-781312
-781208
-781064
-781244
-781212
-781064
-781016
-781108
-781040
-781008
-781156
-781264
-781180
-781260
-781288
-781124
-781204
-781212
-781180
-781236
-781136
-781160
-781032
-781076
-781072
-781100
-781076
-781040
-781012
-781140
-781024
-781032
-781040
-780944
-781208
-781332
-781628
-781668
-781640
-781976
-782028
-781984
-781888
-781804
-781880
-781880
-781920
-782060
-782088
-782164
-782132
-782212
-782280
-782284
-782300
-782196
-782060
-781992
-782024
-782076
-781988
-782160
-781936
-782004
-782028
-781984
-781976
-781932
-781916
-781896
-782252
-782284
-782248
-782256
-782256
-782224
-782256
-782184
-782108
-781984
-782000
-782164
-782068
-782080
-782048
-782040
-782112
-782092
-782188
-782136
-782084
-782132
-782072
-782096
-782024
-782040
-782028
-781988
-781992
-781928
-781932
-782032
-782044
-782184
-782084
-782100
-782124
-782176
-782356
-782264
-782196
-782104
-782016
-781848
-781744
-781768
-781744
-781604
-781712
-781572
-781476
-781456
-781444
-781480
-781524
-781408
-781432
-781136
-781052
-780948
-780976
-780840
-781096
-781100
-781144
-781204
-781152
-781200
-781056
-781112
-781180
-781100
-781096
-781228
-781148
-781108
-781180
-781252
-781336
-781376
-781584
-781588
-781464
-781488
-781388
-781408
-781416
-781460
-781604
-781660
-781640
-781632
-781744
-781680
-781428
-781472
-781536
-781472
-781452
-781528
-781436
-781480
-781476
-781456
-781544
-781436
-781240
-781260
-780792
-780916
-780948
-780932
-781012
-781096
-780968
-780996
-781080
-780972
-780828
-780804
-780880
-780924
-780788
-780840
-780784
-780796
-780752
-780880
-780832
-780868
-780976
-781032
-781200
-781112
-781236
-781040
-781140
-781148
-781000
-781012
-780908
-780908
-780972
-781164
-781272
-781256
-781372
-781324
-781336
-781192
-781096
-781144
-781172
-781100
-781184
-781180
-781220
-781488
-781392
-781260
-781088
-781056
-781128
-781272
-781172
-781168
-781272
-781156
-781084
-780972
-780908
-780888
-780876
-780920
-781056
-781000
-781084
-781128
-781076
-781128
-781168
-781288
-781228
-781264
-781180
-781248
-781300
-781284
-781468
-781532
-781676
-781760
-781648
-781696
-781708
-781764
-781728
-781996
-782108
-782156
-782220
-782120
-782112
-781924
-781804
-781824
-781976
-782148
-782192
-782340
-782440
-782368
-782408
-782264
-782344
-782212
-782060
-782124
-782200
-782292
-782292
-782228
-782176
-781912
-781856
-781968
-782028
-782032
-781768
-781696
-781696
-781972
-781948
-782068
-782192
-782132
-782120
-782092
-782340
-782268
-782096
-781904
-781812
-781816
-781956
-781892
-781768
-781800
-781500
-781440
-781552
-781504
-781592
-781448
-781408
-781364
-781428
-781440
-781428
-781516
-781328
-781328
-781288
-781404
-781328
-781324
-781324
-781156
-781172
-781252
-781204
-781396
-781352
-781536
-781596
-781612
-781520
-781500
-781580
-781700
-781636
-781556
-781620
-781548
-781528
-781600
-781516
-781500
-781412
-781112
-781060
-781024
-781092
-781232
-781296
-781200
-781208
-781296
-781316
-781456
-781480
-781500
-781412
-781380
-781392
-781516
-781452
-781460
-781492
-781576
-781552
-781608
-781656
-781692
-781764
-781836
-781840
-781852
-781720
-781596
-781552
-781696
-781632
-781840
-781900
-781784
-781332
-781448
-781516
-781388
-781476
-781516
-781544
-781200
-781340
-781316
-781152
-781164
-780968
-781088
-781192
-781168
-781208
-781504
-781480
-781528
-781480
-781796
-781712
-781580
-781696
-781708
-781644
-781636
-781576
-781592
-781492
-781532
-781676
-781840
-781752
-781896
-781732
-781600
-781664
-781968
-781928
-782084
-782068
-782100
-782100
-782196
-782212
-782208
-782272
-782256
-782288
-782440
-782484
-782704
-782812
-782860
-782792
-782860
-782816
-782780
-782704
-782588
-782484
-782420
-782456
-782456
-782172
-782200
-782196
-782304
-782216
-782240
-782264
-782336
-782472
-782448
-782480
-782316
-782188
-782048
-782000
-782004
-781644
-781756
-781812
-781768
-781752
-781712
-781860
-781872
-781980
-781924
-781972
-781908
-781928
-781816
-781868
-781840
-781900
-781980
-781988
-782120
-782060
-782104
-782164
-782316
-782220
-781896
-782008
-781992
-782292
-782144
-782180
-782004
-781928
-781768
-781916
-782052
-782008
-782068
-781960
-781952
-782032
-782132
-782104
-782048
-781868
-781864
-781896
-781900
-781968
-781992
-781904
-781800
-781768
-781836
-781788
-781860
-781912
-781796
-781692
-781756
-781704
-781584
-781604
-781780
-781756
-781712
-781700
-781596
-781744
-781836
-782044
-782084
-781768
-781824
-781780
-781660
-781528
-781480
-781472
-781428
-781464
-781412
-781364
-781404
-781452
-781468
-781372
-781360
-781448
-781464
-781508
-781372
-781624
-781484
-781352
-781272
-781276
-781236
-781328
-781256
-781428
-781336
-781496
-781580
-781624
-781536
-781764
-781860
-781712
-781608
-781668
-781636
-781668
-782080
-782072
-782168
-782216
-782296
-782212
-782100
-782140
-782124
-782100
-782252
-782316
-782212
-782060
-781780
-781860
-781968
-782056
-782088
-782156
-781956
-781844
-781788
-781792
-781784
-781732
-781852
-781912
-781824
-781668
-781616
-781592
-781572
-781584
-781700
-781704
-781684
-781676
-781664
-781828
-781940
-782048
-782136
-782312
-782236
-782216
-782348
-782264
-782372
-782524
-782660
-782528
-782484
-782420
-782124
-782264
-782176
-782168
-782232
-782244
-781840
-781828
-781764
-781764
-781664
-781680
-781720
-781900
-781984
-782096
-782216
-782304
-782268
-782332
-782316
-782268
-782204
-782256
-782228
-782072
-781780
-781692
-781688
-781824
-781844
-781684
-781596
-781632
-781688
-781696
-781748
-781800
-781820
-781948
-781912
-781872
-781788
-781984
-782032
-781984
-782256
-782336
-782304
-782128
-782328
-782244
-782304
-782240
-782504
-782532
-782340
-782428
-782520
-782400
-782396
-782504
-782564
-782500
-782604
-782592
-782516
-782576
-782460
-782472
-782416
-782476
-782592
-782320
-782396
-782432
-782440
-782580
-782452
-782448
-782484
-782496
-782428
-782420
-782400
-782304
-782416
-782396
-782328
-782444
-782352
-782368
-782476
-782484
-782440
-782496
-782532
-782424
-782336
-782284
-782244
-782072
-782092
-782016
-782084
-782160
-782200
-782360
-782604
-782688
-782736
-782500
-782520
-782552
-782628
-782668
-782536
-782428
-782376
-782356
-782484
-782340
-782296
-782364
-782292
-782268
-782304
-782268
-782108
-782092
-782212
-782296
-782416
-782344
-782208
-782264
-782376
-782436
-782440
-782536
-782456
-782444
-782476
-782500
-782428
-782432
-782464
-782504
-782396
-782324
-782388
-782556
-782648
-782628
-782540
-782512
-782580
-782612
-782620
-782604
-782524
-782584
-782440
-782388
-782416
-782448
-782348
-782488
-782392
-782400
-782324
-782216
-782124
-782096
-782172
-782472
-782440
-782412
-782300
-782280
-782404
-782460
-782344
-782500
-782492
-782564
-782608
-782720
-782772
-782928
-782936
-782980
-782796
-782828
-782916
-782840
-782720
-782728
-782652
-782620
-782756
-782868
-782808
-782852
-782628
-782688
-782732
-782840
-783068
-783136
-783008
-783420
-783580
-783572
-783484
-783500
-783444
-783440
-783464
-783392
-783368
-783372
-783236
-783144
-783288
-783228
-783144
-783172
-783400
-783336
-783476
-783436
-783392
-783432
-783468
-783392
-783364
-783364
-783320
-783432
-783316
-783412
-783300
-783340
-783292
-783260
-783220
-783264
-783212
-783312
-783284
-783276
-783368
-783364
-783476
-783520
-783328
-783396
-783400
-783376
-783216
-783316
-783340
-783148
-782964
-782844
-782888
-782912
-782828
-782908
-782972
-783064
-783028
-783040
-783052
-783120
-782904
-782592
-782552
-782492
-782476
-782592
-782584
-782528
-782456
-782540
-782512
-782480
-782612
-782692
-782724
-782624
-782596
-782224
-782272
-782356
-782580
-782344
-782376
-782204
-782212
-782148
-782228
-782068
-782184
-782152
-782200
-782136
-782108
-781960
-781992
-782052
-782112
-782124
-782108
-782172
-782108
-782156
-782304
-782376
-782188
-782192
-782080
-781976
-781996
-782008
-782036
-782096
-782036
-781984
-781944
-781872
-781888
-781812
-781772
-781680
-781752
-781944
-781916
-781984
-782104
-782224
-782276
-782312
-782040
-782028
-782168
-782308
-782472
-782472
-782488
-782608
-782536
-782460
-782552
-782604
-782576
-782724
-782788
-782700
-782680
-782452
-782440
-782384
-782488
-782472
-782492
-782600
-782552
-782812
-782596
-782700
-782692
-782732
-782788
-782840
-782932
-782948
-782792
-782772
-782900
-782872
-782636
-782500
-782488
-782544
-782596
-782728
-782708
-782600
-782616
-782296
-782116
-781976
-781996
-781880
-781976
-781856
-781752
-782032
-782052
-782200
-782232
-782720
-782640
-782652
-782804
-782936
-782872
-782908
-782704
-782748
-782796
-782980
-782932
-782940
-782900
-782960
-782828
-782940
-783040
-783088
-783036
-783024
-783032
-782908
-782944
-782908
-782992
-783104
-783148
-783284
-783560
-783624
-783708
-784052
-784092
-784136
-784020
-783992
-784088
-783924
-783648
-783568
-783480
-783480
-783508
-783448
-783264
-783364
-783384
-783324
-783276
-783248
-783468
-783220
-783356
-783288
-783204
-783128
-783160
-783304
-783404
-783400
-783408
-783424
-783528
-783588
-783544
-783608
-783612
-783680
-783616
-783716
-783836
-783960
-783700
-783688
-783596
-783632
-783584
-783676
-783904
-783776
-783800
-783780
-783764
-783712
-783780
-783712
-784072
-784040
-784116
-784088
-784120
-784428
-784268
-784328
-784380
-784188
-784156
-784196
-784152
-784316
-784368
-784712
-784744
-784732
-784728
-784688
-784680
-784664
-784888
-784924
-784944
-785004
-784900
-784820
-784760
-784716
-784664
-784724
-784512
-784448
-784376
-784372
-784312
-784412
-784388
-784380
-784392
-784364
-784456
-784544
-784580
-784656
-784744
-784484
-784460
-784448
-784300
-784252
-784328
-784288
-784208
-784176
-784200
-784000
-784000
-784000
-783976
-783988
-784144
-784196
-784144
-783932
-783864
-783852
-783752
-783808
-783628
-783616
-783472
-783460
-783484
-783512
-783376
-783316
-783456
-783504
-783616
-783652
-783580
-783584
-783500
-783448
-783424
-783444
-783452
-783612
-783620
-783580
-783664
-783552
-783792
-783760
-783896
-783848
-783796
-783824
-783936
-783840
-783856
-783916
-784016
-783952
-783728
-783620
-783624
-783708
-783736
-783816
-783772
-783828
-783940
-783496
-783492
-783552
-783584
-783480
-783500
-783264
-783500
-783268
-783100
-783068
-783076
-783108
-783096
-783012
-782712
-782612
-782588
-782684
-782596
-782488
-782448
-782660
-782700
-782704
-782692
-782672
-782600
-782692
-782756
-782732
-782516
-782556
-782592
-782500
-782424
-782528
-782320
-782400
-782352
-782376
-782416
-782316
-782472
-782608
-782524
-782620
-782480
-782560
-782560
-782492
-782520
-782492
-782428
-782400
-782476
-782600
-782632
-782740
-782732
-782792
-783032
-782772
-782752
-782600
-782692
-782660
-782856
-782736
-782684
-782632
-782424
-782624
-782608
-782824
-782820
-782812
-782864
-783064
-783092
-783024
-783036
-783048
-782948
-782800
-782800
-782844
-782848
-782784
-782412
-782476
-782488
-782532
-782604
-782332
-782408
-782424
-782512
-782384
-782780
-782852
-782932
-782732
-782632
-782648
-782564
-782664
-782648
-782636
-782700
-782652
-782624
-782644
-782664
-782740
-782712
-782624
-782516
-782552
-782544
-782648
-782716
-782708
-782728
-782776
-782664
-782672
-782704
-782644
-782772
-782844
-782988
-782892
-783260
-783396
-783308
-783336
-783312
-783360
-783420
-783364
-783472
-783424
-783452
-783304
-783244
-783364
-783416
-783676
-783812
-783776
-783768
-783624
-783528
-783656
-783676
-783696
-783640
-783652
-783692
-783608
-783528
-783464
-783356
-783312
-783396
-783492
-783404
-783392
-783424
-783164
-783184
-783208
-783060
-782988
-782908
-783104
-782868
-783088
-783020
-783004
-783036
-783052
-783128
-783192
-783072
-783064
-783208
-783164
-783252
-783244
-783220
-783112
-783016
-783116
-783112
-783044
-782780
-782972
-782956
-782852
-782976
-782908
-782856
-782928
-783032
-783064
-782944
-782932
-782904
-782912
-782860
-782820
-782656
-782768
-782772
-782776
-782676
-782396
-782452
-782476
-782648
-782480
-782504
-782408
-782316
-782392
-782352
-782440
-782492
-782480
-782424
-782388
-782208
-782104
-782224
-782224
-782168
-782176
-782248
-782148
-782032
-782148
-782240
-782332
-782224
-782168
-782148
-782020
-782104
-781972
-781908
-781612
-781728
-781788
-781752
-781672
-781704
-782096
-781864
-781892
-781784
-781720
-781612
-781448
-781476
-781472
-781496
-781532
-781568
-781584
-781616
-781720
-781680
-781736
-781852
-782004
-781900
-781812
-781764
-781660
-781616
-781620
-781540
-781540
-781548
-781660
-781684
-781676
-781652
-781972
-782104
-781892
-782076
-782148
-782228
-782320
-782480
-782400
-782352
-782248
-782340
-782356
-782536
-782504
-782432
-782368
-782360
-782400
-782472
-782484
-782328
-782184
-782108
-782040
-781972
-782004
-782072
-782012
-782328
-782296
-782308
-782372
-782448
-782256
-782600
-782656
-782684
-782648
-782632
-782636
-782532
-782524
-782448
-782228
-782280
-782160
-782020
-782080
-782096
-782044
-782036
-782084
-781928
-781800
-781900
-782044
-781924
-781768
-781716
-781784
-781836
-781928
-781968
-782012
-782100
-782036
-781952
-781716
-781680
-781704
-781660
-781880
-781944
-781992
-782004
-781940
-781928
-782064
-781988
-782040
-781968
-782032
-782000
-781960
-782020
-782216
-782332
-782256
-782332
-782484
-782452
-782492
-782524
-782588
-782512
-782456
-782972
-782944
-783048
-783092
-783140
-783032
-782968
-782972
-782988
-783000
-783140
-783076
-783028
-783212
-783496
-783488
-783472
-783588
-783740
-783820
-784036
-784032
-783972
-784148
-784408
-784488
-784580
-784352
-784396
-784332
-784300
-784352
-784128
-784192
-784288
-784304
-784392
-784208
-784088
-784060
-784008
-783896
-783856
-784024
-783940
-783864
-783768
-783604
-783732
-783756
-783596
-783624
-783688
-783536
-783576
-783612
-783528
-783348
-783232
-783116
-782900
-782868
-783052
-782928
-782756
-782800
-782816
-782868
-783092
-783308
-783332
-783284
-783444
-783524
-783580
-783560
-783484
-783516
-783476
-783488
-783360
-783244
-783208
-783364
-783448
-783400
-783428
-783696
-783680
-783644
-783764
-783672
-783832
-783660
-783600
-783644
-783552
-783360
-783328
-783480
-783408
-783428
-783552
-783444
-783440
-783328
-783448
-783560
-783528
-783532
-783660
-783644
-783600
-783604
-783656
-783656
-783636
-783692
-783656
-783644
-783852
-783800
-783704
-783820
-783848
-783928
-784188
-784248
-784072
-784164
-784172
-784296
-784536
-784412
-784284
-784324
-784468
-784216
-784108
-784236
-784128
-784292
-784260
-783740
-783784
-783820
-783832
-783804
-783772
-783816
-783652
-783628
-783604
-783788
-783808
-783920
-783848
-783968
-784008
-784000
-783904
-783920
-783940
-783840
-783888
-783704
-783696
-783704
-783568
-783596
-783520
-783476
-783292
-783460
-783596
-783588
-783456
-783432
-783356
-783340
-783352
-783524
-783676
-783880
-783796
-783672
-783772
-783600
-783624
-783704
-783864
-783912
-783888
-783944
-783800
-783708
-783672
-783764
-783820
-783724
-783672
-783704
-783740
-783720
-783756
-783712
-783744
-783704
-783668
-783656
-783448
-783456
-783460
-783344
-783500
-783596
-783628
-783604
-783684
-783736
-783624
-783584
-783552
-783516
-783568
-783624
-783532
-783672
-783560
-783536
-783528
-783284
-783268
-783340
-783280
-783212
-783108
-782916
-783104
-782924
-783008
-782964
-782856
-782832
-782840
-782724
-782588
-782700
-782716
-782512
-782332
-782328
-782348
-782220
-782316
-782328
-782456
-782460
-782512
-782440
-782476
-782324
-782292
-782180
-782256
-782300
-781904
-781960
-781868
-781912
-781988
-782032
-781972
-782084
-781952
-781984
-781988
-781872
-781892
-781824
-781796
-781780
-781852
-781868
-781820
-781912
-781756
-781856
-781776
-781772
-781824
-781760
-781712
-781684
-781708
-781716
-781712
-781808
-781748
-781748
-781672
-781672
-781540
-781532
-781556
-781564
-781572
-781424
-781204
-781304
-781324
-781320
-781440
-781332
-781428
-781456
-781544
-781552
-781524
-781452
-781560
-781484
-781640
-781612
-781540
-781468
-781616
-781572
-781680
-781584
-781668
-781688
-781728
-781860
-781924
-781916
-781952
-782068
-782052
-782172
-782156
-782120
-782164
-782204
-782208
-782176
-782220
-782224
-782068
-781932
-782100
-782108
-782160
-782284
-782348
-782332
-782276
-782448
-782444
-782452
-782592
-782680
-782740
-782812
-782984
-783012
-782972
-782976
-782784
-782788
-782764
-782796
-782748
-782724
-782784
-783084
-783092
-783028
-783040
-782920
-782876
-782820
-782844
-782824
-782764
-782804
-782872
-782924
-782872
-782848
-782756
-782852
-782720
-782744
-782792
-782736
-783292
-783364
-783468
-783384
-783596
-783644
-783532
-783580
-783652
-783568
-783532
-783552
-783520
-783376
-783392
-783400
-783372
-783248
-783512
-783504
-783516
-783456
-783512
-783380
-783280
-783384
-783472
-783504
-783480
-783420
-783384
-783464
-783472
-783508
-783532
-783500
-783420
-783524
-783536
-783544
-783532
-783612
-783600
-783624
-783532
-783620
-783560
-783692
-783664
-783680
-783456
-783552
-783584
-783636
-783680
-783748
-783720
-783732
-783668
-783572
-783668
-783692
-783672
-783956
-784016
-784012
-784008
-784140
-784240
-784296
-784380
-784316
-784336
-784176
-784164
-784124
-784116
-784176
-784200
-784288
-784120
-784028
-784092
-784160
-784136
-784200
-784276
-784196
-784164
-784228
-784188
-784112
-784216
-784132
-784236
-784136
-784156
-784232
-784200
-784180
-784344
-784680
-784792
-784736
-784948
-784940
-784884
-785172
-785140
-785268
-785196
-785104
-785012
-785000
-785108
-785180
-785228
-785196
-784904
-784688
-784724
-784936
-784780
-784760
-784860
-784988
-784860
-785176
-785124
-784992
-784744
-784716
-784768
-784880
-785040
-784920
-784820
-784852
-784808
-784708
-784836
-784848
-784960
-785060
-784660
-784592
-784512
-784476
-784240
-784188
-784236
-784136
-784180
-784452
-784188
-783984
-783992
-783872
-783792
-783724
-783708
-783708
-783724
-783700
-783600
-783820
-783700
-783672
-783676
-783780
-783632
-783524
-783428
-783376
-783548
-783632
-783692
-783568
-783660
-783708
-783356
-783400
-783444
-783480
-783576
-783700
-783736
-783776
-783776
-783764
-783792
-783832
-783720
-783736
-783740
-783848
-783948
-783944
-784000
-783948
-784024
-783920
-783968
-783988
-784036
-784168
-783924
-783956
-783748
-783720
-783868
-783920
-784124
-784104
-784080
-783940
-784056
-783912
-783628
-783556
-783440
-783472
-783468
-783540
-783532
-783572
-783528
-783376
-783472
-783564
-783556
-783652
-783600
-783492
-783620
-783496
-783288
-783376
-783324
-783380
-783436
-783564
-783632
-783680
-783728
-783748
-783700
-783532
-783548
-783440
-783236
-783220
-783268
-783360
-783420
-783268
-783340
-783480
-783348
-783236
-783292
-783224
-783300
-783332
-783432
-783548
-783468
-783364
-783436
-783344
-783492
-783580
-783680
-783800
-783800
-783740
-783696
-783592
-783540
-783484
-783480
-783864
-783872
-783804
-783584
-783800
-783876
-783804
-783808
-784088
-784072
-784100
-784112
-784060
-783892
-783928
-783984
-783964
-783936
-783896
-783940
-783856
-783812
-783892
-783864
-783828
-783900
-784012
-784060
-783888
-783876
-783948
-783944
-783820
-783788
-783772
-783660
-783568
-783464
-783464
-783424
-783448
-783424
-783384
-783500
-783316
-783364
-783148
-782900
-782912
-783032
-782988
-783032
-783088
-783000
-783156
-783244
-783272
-783276
-783264
-783204
-783196
-783116
-782916
-782948
-782968
-782976
-783064
-783208
-783168
-783036
-783000
-783228
-783288
-782960
-782788
-782768
-782756
-782780
-782944
-783060
-782940
-783048
-783336
-783388
-783360
-783080
-783036
-783128
-783112
-783236
-783144
-783136
-783224
-783420
-783416
-783300
-783280
-783332
-783372
-783292
-783192
-783080
-783108
-782992
-783008
-782944
-782948
-783064
-783212
-783192
-783132
-783080
-783108
-783060
-782980
-782996
-782964
-782960
-782936
-783072
-782792
-782592
-782440
-782560
-782668
-782780
-782832
-782780
-782824
-783008
-783100
-782964
-782584
-782472
-782416
-782380
-782368
-782440
-782360
-782372
-782388
-782436
-782508
-782448
-782560
-782664
-782684
-782676
-782480
-782500
-782540
-782528
-782572
-782620
-782728
-782544
-782568
-782536
-782504
-782748
-782788
-782716
-782772
-782620
-782704
-782796
-782804
-782992
-783076
-782968
-783080
-782920
-782900
-783028
-782960
-782940
-782672
-782832
-782768
-782704
-782620
-782504
-782296
-782244
-781944
-781964
-781856
-781792
-781852
-782176
-782144
-781756
-781852
-781828
-781912
-782004
-781896
-781896
-781848
-781980
-781936
-782060
-782004
-782044
-781876
-781720
-781612
-781652
-781852
-781824
-781776
-781808
-781812
-782044
-782012
-782036
-782056
-781944
-782032
-781908
-781820
-781748
-781624
-781636
-781744
-781756
-781728
-781696
-781972
-781908
-781920
-781980
-781888
-782000
-782000
-782016
-781888
-782068
-782056
-781916
-781948
-781892
-782008
-781924
-781724
-781860
-781740
-781852
-781892
-781888
-781916
-782100
-782132
-782048
-782156
-782132
-782088
-782116
-781896
-781952
-781948
-781816
-781760
-781812
-781928
-781956
-781996
-781800
-781856
-781844
-781612
-781656
-781388
-781456
-781636
-781588
-781508
-781560
-781700
-781860
-781784
-782032
-782044
-782216
-782256
-782148
-782012
-782020
-782032
-781984
-781968
-782032
-782164
-782116
-782056
-782296
-782308
-782184
-782272
-782360
-782400
-782536
-782484
-782552
-782508
-782516
-782704
-782732
-782820
-782848
-783008
-782792
-782740
-782856
-782856
-782868
-782540
-782580
-782492
-782564
-782536
-782476
-782272
-782332
-782004
-781716
-781688
-781716
-781740
-781724
-781768
-781888
-781976
-782120
-782180
-782136
-782332
-782392
-782280
-782312
-782208
-782364
-782744
-782808
-782888
-782792
-782736
-782788
-782812
-783068
-783072
-782968
-783004
-783124
-783096
-783068
-783004
-782792
-782712
-782848
-782832
-782856
-783016
-782972
-782992
-782988
-782944
-782968
-782900
-782980
-783024
-782980
-783120
-783068
-783284
-783204
-783264
-782848
-782740
-782820
-782816
-783032
-782936
-782852
-782964
-782944
-783052
-783124
-783040
-783148
-783232
-783684
-783596
-783752
-783580
-783564
-783548
-783596
-783672
-783772
-783784
-783720
-783492
-783480
-783448
-783492
-783512
-783492
-783360
-783312
-783404
-783228
-783292
-783316
-783252
-783328
-783304
-783240
-783260
-783148
-783172
-783200
-783272
-783288
-783356
-783300
-783468
-783504
-783400
-783696
-783568
-783592
-783416
-783416
-783384
-783356
-783260
-783204
-783336
-783180
-783132
-783084
-782936
-782908
-782988
-782884
-782932
-782924
-782888
-782968
-782908
-782804
-782684
-782752
-782612
-782648
-782620
-782824
-782852
-782920
-783032
-783052
-783004
-783044
-783000
-783196
-783260
-783212
-783344
-783408
-783400
-783396
-783236
-783268
-783248
-783312
-783452
-783432
-783720
-783604
-783628
-783580
-783776
-783924
-783936
-783944
-783776
-783780
-783848
-783784
-783924
-783944
-784076
-784076
-784144
-784100
-784172
-784208
-784068
-783932
-783864
-783876
-783828
-783820
-783844
-783936
-784204
-784136
-784184
-784268
-784468
-784360
-784508
-784496
-784440
-784448
-784500
-784488
-784860
-784788
-784904
-784724
-785008
-785100
-785104
-785280
-785208
-785204
-785312
-785228
-785356
-785308
-785336
-785128
-785032
-784816
-784896
-784820
-784872
-784704
-784504
-784428
-784484
-784392
-784340
-784372
-784280
-784340
-784404
-784456
-784552
-784560
-784376
-784504
-784444
-784432
-784488
-784436
-784376
-784508
-784552
-784468
-784552
-784692
-784688
-784812
-784864
-784896
-784828
-784616
-784624
-784688
-784696
-784560
-784584
-784492
-784420
-784756
-784700
-784832
-784752
-784752
-784824
-785140
-785108
-785196
-785260
-785188
-785188
-784992
-785108
-784924
-784952
-784872
-784924
-784836
-784912
-785016
-785304
-785552
-785484
-785648
-785680
-785768
-785920
-785720
-785564
-785752
-785792
-785616
-785468
-785472
-785340
-785388
-785352
-785344
-785580
-785528
-785448
-785288
-785328
-785348
-785192
-785088
-785300
-785188
-785196
-785220
-785176
-785196
-785016
-785084
-785028
-785248
-785084
-784932
-784892
-785008
-785052
-785104
-785224
-785240
-785192
-785108
-785084
-785148
-785152
-785072
-785004
-784616
-784648
-784696
-784832
-784868
-784868
-784912
-785012
-784984
-784976
-785024
-785148
-785072
-784900
-785144
-785184
-785236
-785260
-785400
-785424
-785348
-785208
-785188
-785280
-785452
-785192
-785272
-785248
-785232
-784912
-784864
-784736
-784768
-784680
-784620
-784564
-784628
-784544
-784480
-784348
-784356
-784448
-784372
-784404
-784352
-784372
-784264
-784272
-784372
-784328
-784584
-784420
-784152
-783948
-783840
-783736
-783724
-783952
-783996
-783848
-783788
-783848
-783860
-783916
-783900
-784316
-784336
-784464
-784468
-784560
-784744
-784664
-784696
-784612
-784556
-784584
-784636
-784496
-784484
-784572
-784524
-784576
-784632
-784488
-784612
-784680
-784688
-784688
-784652
-784540
-784456
-784468
-784596
-784624
-784600
-784480
-784472
-784236
-784140
-783964
-784056
-784124
-784160
-784156
-784244
-784180
-784268
-784312
-784248
-784128
-784128
-784020
-784000
-784012
-784072
-784112
-784280
-784400
-784632
-784756
-784752
-784776
-784684
-784788
-784784
-784864
-784852
-784824
-784604
-784540
-784468
-784472
-784452
-784564
-784616
-784636
-784564
-784464
-784452
-784532
-784532
-784304
-784144
-784316
-784140
-783932
-783976
-784032
-783936
-783944
-783880
-783876
-783816
-783872
-783756
-783708
-783676
-783588
-783748
-783740
-783752
-783740
-783744
-783684
-783808
-783788
-783660
-783696
-783836
-783748
-783652
-783352
-783248
-783288
-783300
-783252
-783260
-783284
-783284
-783236
-783400
-783660
-783596
-783140
-783168
-783020
-782920
-782876
-782804
-782664
-782796
-782616
-782592
-782500
-782504
-782536
-782456
-782416
-782488
-782516
-782548
-782684
-782784
-782800
-782640
-782636
-782536
-782392
-782452
-782444
-782516
-782384
-782492
-782496
-782472
-782572
-782508
-782384
-782468
-782544
-782560
-782708
-782800
-782824
-782932
-782920
-782904
-783032
-782928
-782800
-782772
-782872
-782916
-782844
-782672
-782576
-782744
-782904
-783008
-782936
-783104
-783228
-783228
-783324
-783228
-783144
-783144
-783172
-783308
-783300
-783240
-783272
-783456
-783452
-783444
-783356
-783060
-783160
-783164
-783092
-783132
-783212
-783208
-783324
-783436
-783484
-783532
-783472
-783504
-783480
-783400
-783400
-783340
-783484
-783484
-783508
-783596
-783684
-783636
-783548
-783672
-783676
-783540
-783540
-783640
-783664
-783628
-783932
-784072
-784084
-784156
-784276
-784508
-784600
-784660
-784312
-784208
-784200
-784244
-784288
-784232
-784168
-784136
-784224
-784144
-783988
-783872
-783564
-783584
-783628
-783648
-783664
-783836
-783928
-783872
-783944
-783956
-784012
-784124
-784164
-784248
-784284
-784276
-784252
-784260
-784288
-784260
-784248
-784404
-784504
-784392
-784440
-784540
-784480
-784368
-784420
-784428
-784348
-784416
-784160
-784248
-784264
-784324
-784012
-784092
-784052
-784060
-784296
-784396
-784384
-784348
-784344
-784368
-784460
-784504
-784436
-784368
-784096
-784108
-784112
-784028
-784092
-783964
-783960
-783972
-783952
-783968
-783956
-783704
-783608
-783776
-783840
-783864
-784048
-783984
-784032
-783992
-784044
-784024
-784188
-783900
-783884
-783960
-784040
-783912
-783972
-783924
-784028
-784040
-783820
-783932
-783984
-784096
-784072
-784100
-784104
-784100
-783984
-784104
-784000
-783860
-783852
-783772
-783952
-783876
-783900
-783992
-784044
-784140
-784136
-784084
-784108
-784072
-783988
-783968
-783908
-783828
-784040
-784036
-784148
-784092
-784060
-784052
-783948
-783920
-783884
-783944
-783932
-783964
-783968
-784124
-784296
-784272
-784324
-784416
-784452
-784524
-784568
-784664
-784624
-784684
-784492
-784440
-784404
-784416
-784260
-784312
-784404
-784356
-783964
-783900
-783980
-784028
-784048
-784028
-783984
-783932
-783812
-783888
-783752
-783724
-783660
-783388
-783320
-783336
-783356
-783412
-783384
-783376
-783324
-783328
-783352
-783372
-783336
-783344
-783300
-783344
-783368
-783336
-783200
-783176
-783004
-783072
-783004
-782932
-782776
-782784
-782752
-782760
-782832
-782872
-782712
-782828
-782888
-782844
-782824
-782820
-782620
-782364
-782228
-782384
-782448
-782360
-782344
-782488
-782388
-782316
-782320
-782308
-782208
-782224
-782272
-782052
-782092
-782148
-782104
-781920
-782096
-781956
-781864
-781912
-782292
-782384
-782224
-782252
-782224
-782276
-782308
-782168
-782264
-782320
-782356
-782564
-782684
-782720
-782684
-782592
-782604
-782524
-782548
-782480
-782360
-782292
-782324
-782216
-782240
-782340
-782300
-782248
-782280
-782272
-782336
-782272
-782376
-782396
-782460
-782516
-782568
-782720
-782684
-782716
-782768
-782728
-782624
-782624
-782612
-782616
-782876
-782896
-782852
-782860
-782744
-782700
-782628
-782668
-782516
-782452
-782248
-782204
-782304
-782428
-782464
-782576
-782528
-782456
-782572
-782596
-782596
-782576
-782684
-782620
-782604
-782564
-782524
-782496
-782344
-782360
-782300
-781928
-781936
-781892
-782124
-782316
-782280
-782136
-782380
-782564
-782544
-782564
-782648
-782592
-782680
-782728
-782588
-782652
-782604
-782788
-782628
-782644
-782616
-782728
-782736
-782652
-782740
-782748
-782680
-782776
-782724
-782688
-782744
-782912
-782868
-783072
-783160
-783224
-783548
-783512
-783496
-783304
-783328
-783228
-783396
-783356
-783636
-783792
-783700
-783840
-783728
-783704
-783620
-783416
-783592
-783716
-783776
-783964
-783988
-784016
-784116
-783972
-784112
-783924
-783820
-783892
-784144
-784092
-783924
-784136
-784004
-784148
-784048
-783996
-784080
-783992
-784060
-784012
-784000
-783888
-783760
-783880
-783984
-783992
-784084
-784164
-783964
-783984
-784028
-783992
-783904
-783848
-783700
-783776
-784056
-784148
-784172
-784160
-784024
-783976
-784044
-784048
-784152
-784336
-784344
-784372
-784408
-784136
-784136
-783904
-783908
-783936
-784228
-784160
-784072
-783968
-784008
-784232
-784280
-784272
-784340
-784320
-784212
-784068
-784104
-784032
-784004
-784048
-784232
-784044
-783904
-783836
-784240
-784212
-784292
-784448
-784332
-784264
-784232
-784080
-784120
-783784
-783780
-783848
-783636
-783688
-783428
-783468
-783564
-783600
-783560
-783728
-783684
-783704
-783760
-783740
-783680
-783764
-783832
-783824
-783728
-783688
-783672
-783764
-783856
-783828
-783800
-783952
-783924
-783876
-783908
-783856
-783752
-783660
-783576
-783548
-783920
-783860
-783996
-784040
-783788
-783804
-783844
-783844
-783872
-784088
-783968
-784080
-784048
-784088
-784004
-783964
-783900
-783892
-783864
-783820
-783808
-783820
-783876
-783780
-783716
-783408
-783412
-783484
-783480
-783428
-783492
-783392
-783312
-783356
-783368
-783588
-783576
-783568
-783704
-783760
-783768
-783856
-783672
-783636
-783432
-783460
-783400
-783384
-783400
-783396
-783304
-783324
-783428
-783512
-783420
-783352
-783180
-783240
-783032
-783012
-783160
-783172
-783120
-783032
-783344
-783304
-783428
-783440
-783476
-783532
-783556
-783564
-783636
-783744
-783668
-783588
-783636
-783560
-783500
-783396
-783560
-783568
-783448
-783420
-783468
-783204
-783124
-783148
-783100
-783104
-783148
-783232
-783092
-783044
-783076
-783176
-783020
-783088
-782876
-783036
-783092
-783220
-783124
-783016
-783068
-783036
-783100
-783100
-783132
-783020
-782940
-782908
-782888
-782872
-783016
-782936
-782972
-782940
-782952
-783048
-783068
-783284
-783280
-783280
-783200
-783144
-783196
-783340
-783280
-783208
-783240
-783304
-783268
-783156
-783120
-783124
-783172
-783300
-783308
-783460
-783708
-783580
-783504
-783276
-783280
-783292
-783348
-783328
-783360
-783324
-783324
-783508
-783600
-783660
-783628
-783712
-783672
-783696
-783720
-783680
-783844
-783836
-783676
-783612
-783580
-783556
-783576
-783656
-783848
-783852
-784028
-783960
-783904
-784160
-784280
-784400
-784132
-784212
-784332
-784272
-784072
-784404
-784352
-784292
-784308
-784304
-784268
-784308
-784300
-784428
-784460
-784400
-784440
-784524
-784516
-784492
-784396
-784448
-784468
-784448
-784156
-784012
-784064
-784052
-784024
-784024
-784148
-784120
-784012
-783984
-783964
-784052
-784008
-783900
-783692
-783672
-783636
-783620
-783408
-783364
-783096
-783000
-783076
-783088
-783132
-783072
-783328
-783360
-783476
-783516
-783456
-783396
-783420
-783276
-783320
-783424
-783480
-783520
-783480
-783324
-783448
-783476
-783516
-783404
-783412
-783380
-783532
-783468
-783336
-783424
-783448
-783416
-783516
-783432
-783456
-783460
-783300
-783136
-783280
-783380
-783388
-783448
-783408
-783388
-783456
-783544
-783552
-783408
-783468
-783476
-783548
-783552
-783508
-783612
-783632
-783464
-783660
-783604
-783784
-783880
-783780
-783864
-783960
-784072
-784124
-784176
-784296
-784180
-784092
-784016
-784052
-784020
-783996
-784040
-783924
-783784
-783868
-783852
-783756
-783800
-783768
-783792
-783864
-783680
-783652
-783756
-783568
-783532
-783552
-783388
-783316
-783400
-783396
-783376
-783408
-783472
-783532
-783548
-783500
-783452
-783496
-783516
-783620
-783732
-783680
-783692
-783740
-783680
-783792
-783876
-783988
-784024
-783928
-783984
-784036
-784120
-784120
-784016
-783948
-784088
-784172
-784416
-784520
-784372
-784492
-784436
-784440
-784400
-784432
-784076
-784168
-783920
-783660
-783180
-783112
-783196
-783032
-783120
-782776
-782592
-782560
-782424
-782332
-782288
-782360
-782232
-782276
-782252
-782132
-782136
-782140
-781864
-781916
-781928
-781944
-781948
-781892
-781796
-782116
-782216
-782240
-782256
-782392
-782372
-782340
-782460
-782556
-782556
-782576
-782684
-782580
-782544
-782540
-782540
-782592
-782608
-782584
-782824
-782600
-782724
-782840
-782920
-783004
-783020
-783044
-783072
-782884
-782940
-783024
-782784
-782724
-782872
-782888
-782724
-782608
-782672
-782752
-782840
-782876
-782764
-782652
-782596
-782564
-782520
-782508
-782376
-782284
-782236
-782412
-782480
-782352
-782336
-782324
-782416
-782540
-782652
-782816
-782860
-782880
-782916
-783048
-782972
-782936
-782972
-782888
-783048
-782892
-782928
-782916
-782796
-783072
-783176
-783372
-783388
-783504
-783480
-783396
-783200
-783100
-783220
-783084
-783068
-783272
-783404
-783600
-783680
-783540
-783512
-783536
-783624
-783672
-783636
-783760
-783928
-783872
-783776
-783768
-783752
-783792
-783824
-784104
-783740
-783644
-783656
-783408
-783344
-783188
-783124
-782980
-782856
-782784
-782608
-782564
-782828
-782704
-782632
-782608
-782572
-782740
-782684
-782720
-782612
-782352
-782380
-782472
-782628
-782292
-782208
-782336
-782388
-782404
-782496
-782664
-782704
-782684
-782732
-782620
-782808
-782844
-782908
-783264
-783212
-783128
-783164
-783352
-783184
-783272
-783232
-783296
-783300
-783432
-783412
-783364
-783420
-783332
-783368
-783376
-783352
-783448
-783380
-783232
-783236
-783120
-783096
-783160
-783196
-783072
-783140
-783128
-783064
-783048
-783104
-783076
-783188
-783164
-783176
-783188
-783220
-783368
-783428
-783284
-783284
-783356
-783400
-783396
-782900
-782784
-782652
-782700
-782776
-782800
-782824
-782724
-782732
-782952
-782976
-783072
-783212
-783224
-783240
-783120
-783128
-783260
-783216
-783296
-783288
-783268
-782708
-782736
-782716
-782884
-782992
-782996
-782912
-782784
-782780
-782676
-782780
-782876
-782888
-782952
-782964
-782832
-782860
-782944
-783116
-782968
-782800
-782832
-783008
-782972
-782976
-783000
-783040
-783152
-783032
-782748
-782744
-782608
-782556
-782548
-782676
-782568
-782708
-782500
-782348
-782316
-782296
-782140
-782108
-782168
-782212
-782196
-781952
-781928
-782012
-781852
-782052
-782024
-781968
-781944
-782012
-782096
-782000
-782028
-781816
-781900
-782080
-781944
-782040
-782072
-782020
-782048
-782072
-782052
-782016
-781936
-781732
-781680
-781572
-781728
-781724
-781788
-781800
-781924
-781828
-781796
-781808
-781852
-782016
-781932
-781920
-781748
-781880
-781972
-782012
-782060
-782048
-782104
-782076
-781952
-782048
-782184
-782200
-782124
-781988
-781752
-781812
-781816
-781896
-781580
-781604
-781512
-781520
-781592
-781560
-781544
-781412
-781440
-781556
-781560
-781684
-781608
-781216
-781212
-781392
-781320
-781296
-781124
-781252
-781324
-781356
-781352
-781380
-781464
-781620
-781096
-781124
-781216
-781344
-781332
-781224
-781364
-781252
-781156
-781068
-781016
-781076
-781168
-781168
-781268
-781272
-781256
-781284
-781252
-781168
-780940
-780884
-781012
-781172
-781296
-781496
-781544
-781628
-781512
-781364
-781404
-781548
-781616
-781660
-781888
-781928
-781956
-781908
-782056
-782052
-782192
-782276
-782376
-782248
-782160
-782240
-782364
-782372
-782284
-782504
-782480
-782612
-782816
-782840
-782888
-782896
-782852
-782900
-782996
-783124
-783144
-783168
-783168
-783292
-783352
-783368
-783532
-783648
-783592
-783600
-783660
-783892
-783884
-783904
-783992
-783852
-783952
-783960
-784100
-784128
-784144
-783980
-784008
-784108
-784136
-784052
-784020
-783896
-783956
-783928
-783788
-783716
-783712
-783748
-784064
-784076
-784104
-784100
-784004
-783952
-784176
-784392
-784496
-784392
-784784
-784820
-784788
-784828
-784916
-784936
-784944
-784868
-784832
-784884
-784720
-784680
-784880
-784868
-784756
-784680
-784776
-784668
-784720
-784768
-784664
-784764
-784716
-784720
-784748
-784768
-784836
-784844
-784836
-784800
-784760
-784684
-784580
-784700
-784592
-784624
-784600
-784752
-784876
-784976
-784900
-784828
-784996
-784652
-784600
-784584
-784412
-784436
-784276
-784240
-784212
-784068
-784040
-783952
-783980
-784044
-783964
-783912
-783840
-783768
-783848
-783912
-783816
-783936
-783852
-783852
-783808
-784000
-783916
-784008
-784120
-784044
-784180
-784124
-784052
-784036
-783960
-784144
-784104
-784028
-784044
-783976
-783932
-784016
-784108
-784124
-783988
-783904
-784004
-783792
-783788
-783644
-783752
-783732
-783800
-783684
-783660
-783856
-783944
-783856
-783976
-783720
-784344
-784304
-784412
-784328
-784472
-784484
-784544
-784352
-784336
-784264
-784280
-784312
-784424
-784556
-784760
-784616
-784496
-784536
-784844
-784896
-784928
-784900
-785068
-784972
-784884
-784756
-784700
-784704
-784724
-784752
-784764
-784664
-784656
-784524
-784488
-784484
-784492
-784376
-784304
-784400
-784364
-784448
-784584
-784360
-784380
-784464
-784472
-784548
-784504
-784416
-784432
-784372
-784236
-784308
-784392
-784516
-784532
-784528
-784640
-784592
-784560
-784632
-784588
-784644
-784628
-784644
-784556
-784348
-784504
-784700
-784604
-784724
-784676
-784788
-784964
-784884
-784848
-784784
-784852
-784960
-784936
-784732
-784504
-784484
-784336
-784340
-784252
-784180
-784168
-784000
-783692
-783852
-783932
-783900
-783904
-783952
-783932
-783852
-783896
-783736
-783948
-783800
-784000
-783992
-783884
-783968
-783940
-783912
-783832
-783912
-783828
-783884
-783868
-783948
-783904
-783956
-783888
-783904
-783596
-783656
-783752
-783840
-783728
-783780
-783824
-783720
-783592
-783640
-783552
-783356
-783508
-783580
-783428
-783248
-783532
-783348
-783124
-783140
-783120
-783196
-783168
-783084
-783116
-783244
-783140
-783136
-783264
-783344
-783180
-783388
-783448
-783436
-783368
-783208
-783188
-783452
-783536
-783372
-783448
-783512
-783556
-783648
-783664
-783584
-783624
-783644
-783776
-783772
-783716
-783528
-783576
-783548
-783596
-783496
-783676
-783752
-783840
-783876
-783784
-783792
-783888
-783980
-783952
-784084
-784196
-784308
-784232
-784148
-784200
-784292
-784660
-784716
-784644
-784624
-784532
-784688
-784832
-784920
-784696
-784664
-784416
-784424
-784268
-784352
-784420
-784480
-784400
-784312
-784308
-784460
-784320
-784396
-784304
-784320
-784272
-784232
-784172
-784048
-784040
-784000
-784064
-784028
-784004
-784052
-784048
-783952
-783944
-783940
-783828
-783788
-783676
-783624
-783604
-783604
-783804
-783864
-783888
-783912
-783988
-784056
-784140
-784164
-784012
-784300
-784200
-784244
-784124
-784136
-784184
-784228
-784256
-784376
-784252
-784212
-784384
-784372
-784368
-784440
-784532
-784800
-784820
-784876
-784920
-784704
-784908
-785016
-785348
-785408
-785268
-785204
-785224
-785364
-785428
-785444
-785304
-785328
-785140
-784904
-784756
-785192
-785192
-785324
-785476
-785484
-785352
-785324
-785288
-785148
-785160
-785276
-785300
-785440
-785356
-785260
-785308
-785448
-785512
-785660
-785656
-785672
-785580
-785476
-785320
-785324
-785416
-785592
-785484
-785200
-785192
-785012
-785092
-784952
-784976
-785076
-785348
-785184
-785236
-785164
-785224
-785112
-785224
-785244
-785248
-785320
-785408
-785452
-785452
-785580
-785508
-785576
-785544
-785532
-785648
-785728
-785824
-785948
-786048
-786156
-786060
-786016
-786036
-785992
-785876
-785852
-785936
-785948
-786016
-786044
-786136
-786168
-786264
-786372
-786428
-786392
-786268
-786312
-786312
-786188
-786108
-785904
-785880
-785792
-785820
-785608
-785564
-785652
-785668
-785736
-785812
-785880
-785864
-785936
-785832
-785748
-785688
-785792
-785672
-785976
-785900
-785788
-785752
-785804
-785784
-785612
-785620
-785380
-785480
-785296
-785312
-785200
-785224
-785176
-785056
-785076
-785044
-785016
-785112
-785204
-785388
-785416
-785436
-785396
-785440
-785432
-785544
-785724
-785732
-785764
-785760
-785944
-786044
-786024
-786176
-786144
-786236
-786496
-786408
-786224
-786248
-786388
-786332
-785876
-785760
-785780
-785968
-785952
-786032
-786168
-786180
-786032
-786076
-786052
-785896
-785936
-785928
-786068
-786092
-786192
-786236
-786084
-786016
-786040
-785932
-785848
-785924
-785944
-785940
-786036
-786104
-786108
-786224
-786484
-786376
-786264
-786316
-786252
-786276
-786076
-786068
-785920
-785868
-785932
-785812
-785780
-785704
-785540
-785692
-785736
-785796
-785852
-786020
-785988
-785860
-785828
-785980
-786044
-785932
-785728
-785780
-785696
-785852
-785948
-785980
-786020
-785960
-786232
-786176
-786164
-786108
-786056
-786100
-786024
-785816
-785892
-786020
-785972
-786072
-786088
-786116
-785788
-785808
-785828
-785796
-785792
-785684
-785744
-785992
-785984
-786352
-786368
-786480
-786584
-786588
-786500
-786228
-786256
-786116
-786132
-785952
-786012
-785872
-786000
-786036
-786012
-785948
-786152
-786132
-786228
-786104
-786092
-785968
-785948
-785872
-786076
-786032
-786208
-786100
-786152
-786228
-786212
-786216
-786312
-786256
-786156
-786288
-786380
-786448
-786404
-786220
-786352
-786268
-786344
-786276
-786344
-786184
-786492
-786460
-786464
-786412
-786532
-786472
-786260
-786292
-786300
-786332
-786220
-786472
-786400
-786240
-786272
-786264
-786160
-786144
-786040
-786080
-786100
-786052
-786112
-786176
-786268
-786548
-786588
-786600
-786512
-786260
-786236
-786496
-786376
-786348
-786112
-786140
-786136
-786052
-786132
-786132
-786316
-786380
-786276
-786200
-786264
-786272
-786384
-786332
-786372
-786364
-786444
-786540
-786556
-786460
-786404
-786252
-786208
-786024
-786100
-786184
-786104
-786068
-786096
-786152
-786240
-786328
-786428
-786412
-786424
-786364
-786224
-786192
-785936
-785940
-785928
-785880
-785772
-785628
-785620
-785740
-785768
-785700
-785616
-785856
-786000
-785948
-785996
-785856
-785816
-785716
-785820
-785936
-785888
-785700
-785856
-785844
-785920
-786032
-785796
-785676
-785680
-785604
-785560
-785680
-785552
-785568
-785432
-785364
-785328
-785252
-785176
-785112
-785028
-785048
-785040
-785096
-785020
-784932
-784996
-784872
-784728
-784744
-784808
-784784
-784800
-784920
-784836
-784804
-784732
-784704
-784776
-784792
-784752
-784716
-784588
-784980
-784952
-784840
-784740
-784932
-784920
-784980
-785044
-785164
-785200
-785056
-785124
-785140
-785148
-784404
-784300
-784284
-784172
-783884
-783928
-783876
-783936
-784076
-783980
-783824
-783952
-783956
-783648
-783576
-783728
-783824
-783776
-783828
-783812
-783792
-783856
-783976
-783864
-783944
-783880
-783980
-784024
-784020
-784032
-783952
-783896
-783860
-783828
-783748
-783892
-783848
-783716
-783648
-783624
-783360
-783344
-783460
-783372
-783440
-783392
-783552
-783412
-783488
-783516
-783672
-783612
-783556
-783628
-783596
-783480
-783808
-784168
-784052
-783928
-783892
-783844
-783724
-783584
-783528
-783444
-783408
-783288
-783408
-783440
-783704
-783716
-783772
-783772
-783944
-784292
-784356
-784380
-784368
-784156
-784128
-784164
-784048
-784052
-784000
-784020
-783940
-783908
-783904
-783788
-783632
-783476
-783472
-783552
-783496
-783268
-783168
-783148
-783280
-783336
-783224
-783192
-783148
-783068
-782964
-783120
-783216
-783308
-783388
-783488
-783580
-783628
-783680
-783708
-783512
-783632
-783716
-783832
-783860
-783772
-783852
-783908
-783864
-783964
-783820
-783852
-783828
-783820
-783784
-783784
-783660
-783560
-783580
-783400
-783552
-783520
-783660
-783592
-783616
-783708
-783764
-783780
-783844
-783712
-783744
-783948
-783968
-783988
-784012
-784120
-783972
-783896
-783828
-783616
-783696
-783684
-783620
-783612
-783688
-783632
-783572
-783588
-783432
-783416
-783364
-783408
-783488
-783444
-783512
-783512
-783428
-783488
-783476
-783660
-783740
-783856
-783700
-783680
-783884
-784044
-784228
-784216
-784452
-784564
-784448
-784472
-784308
-784164
-784032
-784044
-783840
-783896
-784052
-783996
-784000
-783916
-783952
-783868
-783868
-783980
-783996
-784052
-784088
-783828
-784020
-784100
-783944
-784052
-784072
-783948
-783928
-783984
-783884
-783964
-784124
-784240
-784216
-784236
-784196
-784252
-784628
-784588
-784668
-784632
-784716
-784748
-784756
-784912
-784944
-785024
-784948
-784964
-784900
-784884
-784828
-784752
-784812
-784908
-784852
-784956
-784808
-784800
-784736
-784652
-784600
-784404
-784280
-784216
-784268
-784148
-784168
-784184
-784244
-784180
-784252
-784312
-784308
-784444
-784372
-784416
-784392
-784392
-784448
-784524
-784544
-784480
-784568
-784396
-784188
-784220
-784204
-784104
-784024
-783964
-783900
-783928
-784184
-784260
-784296
-784112
-784044
-784060
-784116
-783976
-783948
-783988
-783940
-783892
-783868
-783988
-784028
-783844
-783712
-783680
-783656
-783648
-783752
-783536
-783464
-783452
-783452
-783264
-783008
-782992
-782736
-782672
-782588
-782564
-782508
-782524
-782520
-782568
-782508
-782344
-782312
-782300
-782396
-782464
-782556
-782508
-782624
-782648
-782776
-782908
-783008
-782944
-782820
-782916
-782936
-782948
-783132
-783304
-782968
-783044
-782920
-782984
-783004
-782680
-782616
-782644
-782752
-782612
-782716
-782600
-782460
-782376
-782212
-782296
-782312
-782112
-782200
-782084
-782236
-782216
-782128
-782156
-782012
-782204
-782152
-781920
-782004
-782088
-782164
-782096
-782332
-782476
-782652
-782612
-782520
-782544
-782332
-782220
-782288
-782328
-782216
-782192
-782100
-782064
-782052
-782100
-782104
-782188
-782324
-782316
-782456
-782396
-782432
-782580
-782520
-782520
-782412
-782356
-782456
-782448
-782456
-782352
-782268
-782268
-782232
-782272
-782292
-782276
-782352
-782196
-782220
-782184
-782136
-781976
-781904
-781852
-781864
-781712
-781656
-781652
-781660
-781736
-781648
-781592
-781464
-781512
-781616
-781732
-781680
-782128
-782040
-781668
-781608
-781684
-781544
-781580
-781584
-781848
-781772
-781596
-781928
-782060
-782144
-782144
-782136
-782056
-781972
-781892
-781936
-781888
-781988
-781972
-782036
-781880
-781964
-782056
-782040
-782008
-782128
-782348
-782408
-782428
-782388
-782376
-782160
-782152
-782420
-782432
-782400
-782488
-782588
-782480
-782476
-782336
-782348
-782428
-782556
-782780
-782856
-782708
-782640
-782616
-782592
-782516
-782676
-782652
-782708
-782928
-782952
-782868
-782872
-783008
-783128
-783132
-783060
-783100
-783080
-782968
-782864
-782868
-782908
-782756
-782572
-782480
-782556
-782616
-782760
-782812
-782776
-782624
-782548
-782600
-782636
-782632
-782600
-782628
-782656
-782712
-782736
-782748
-782832
-782768
-782708
-782696
-782584
-782388
-782360
-782336
-782316
-782536
-782536
-782456
-782324
-782204
-782372
-782528
-782568
-782648
-782820
-782888
-782812
-782792
-782704
-782720
-782744
-782816
-782716
-782724
-782704
-782760
-782604
-782748
-782728
-782764
-782612
-782540
-782608
-782532
-782240
-782288
-782284
-782288
-782400
-782312
-782324
-782284
-782052
-782080
-782036
-781980
-781888
-781848
-781868
-781864
-781844
-781844
-781772
-781764
-781548
-781524
-781612
-781624
-781644
-781768
-781616
-781736
-781956
-781976
-782220
-782260
-782400
-782464
-782484
-782516
-782508
-782536
-782544
-782568
-782588
-782572
-782540
-782440
-782432
-782440
-782488
-782520
-782456
-782548
-782540
-782560
-782492
-782384
-782572
-782552
-782528
-782440
-782460
-782612
-782524
-782704
-782652
-782688
-782684
-782696
-782660
-782812
-782812
-782808
-782852
-782856
-782856
-782716
-782728
-782444
-782376
-782472
-782460
-782556
-782536
-782364
-782324
-782340
-782360
-782416
-782416
-782552
-782508
-782512
-782504
-782552
-782660
-782776
-782792
-782800
-782648
-782600
-782436
-782556
-782504
-782552
-782620
-782540
-782432
-782408
-782424
-782364
-782464
-782572
-782712
-782632
-782656
-782648
-782816
-782708
-782648
-782716
-782676
-782764
-782832
-782980
-782904
-782984
-782960
-782972
-782920
-782876
-782792
-783084
-783060
-782928
-782948
-782960
-782872
-783020
-783052
-783112
-783212
-783168
-783292
-783220
-783308
-783088
-783184
-783268
-783260
-783180
-783232
-783188
-783248
-783184
-783064
-783136
-783092
-783200
-783032
-783144
-783084
-782936
-783024
-782948
-782948
-782928
-782920
-782908
-782912
-782740
-782772
-782748
-782644
-782552
-782396
-782412
-782324
-782324
-782292
-782160
-782184
-782364
-782256
-782340
-782452
-782560
-782580
-782468
-782420
-782480
-782560
-782600
-782476
-782400
-782428
-782260
-782276
-782268
-782360
-782276
-782340
-782412
-782340
-782508
-782348
-782360
-782476
-782464
-782360
-782304
-782380
-782368
-782380
-782480
-782460
-782436
-782560
-782628
-782728
-782800
-782808
-782856
-782788
-782952
-782768
-782688
-782592
-782556
-782408
-782460
-782404
-782448
-782560
-782552
-782576
-782608
-782536
-782624
-782704
-782716
-782900
-783032
-783080
-783068
-782920
-782940
-782848
-782804
-782764
-782796
-782756
-782760
-782756
-782844
-782900
-782944
-782940
-782908
-782884
-782748
-782572
-782604
-782656
-782580
-782516
-782684
-782708
-782548
-782652
-782548
-782436
-782712
-782684
-782736
-782736
-782736
-782772
-782804
-782864
-782976
-783064
-783032
-782796
-782752
-782928
-782864
-782784
-782888
-782960
-783032
-783172
-783240
-783292
-783260
-783224
-783368
-783484
-783496
-783576
-783520
-783548
-783544
-783420
-783476
-783500
-783688
-783708
-783792
-783784
-783744
-783764
-783660
-783684
-783732
-783912
-783936
-783960
-783836
-784084
-783884
-783968
-783976
-784012
-784036
-784132
-784140
-784236
-784160
-784212
-784252
-784408
-784472
-784532
-784652
-784676
-784680
-784732
-784884
-784828
-784952
-784828
-784792
-784872
-784864
-784984
-784908
-784912
-784976
-784836
-784792
-784756
-784688
-785000
-784964
-784912
-784920
-784956
-784932
-784812
-784864
-784792
-784836
-784856
-784888
-784940
-784980
-785028
-785116
-785180
-785012
-785036
-785088
-785120
-785132
-785180
-785168
-785092
-785296
-785164
-785336
-785256
-785344
-785292
-785356
-785408
-785596
-785476
-785404
-785216
-785236
-785280
-785276
-785284
-785344
-785388
-785672
-785640
-785668
-785940
-785800
-785836
-785900
-785824
-785904
-785824
-785832
-785688
-785800
-785700
-785820
-785772
-785624
-785628
-785780
-785964
-785856
-785908
-785756
-786272
-786472
-786420
-786440
-786508
-786552
-786444
-786500
-786448
-786480
-786544
-786436
-786456
-786392
-786452
-786512
-786560
-786504
-786556
-786452
-786332
-786368
-786380
-786520
-786444
-786536
-786536
-786728
-786844
-786796
-786740
-786772
-786588
-786460
-786400
-786664
-786368
-786428
-786464
-786532
-786552
-786548
-786560
-786652
-786552
-786572
-786472
-786508
-786468
-786424
-786384
-786412
-786508
-786536
-786596
-786572
-786600
-786532
-786320
-786224
-786332
-786428
-786172
-786324
-786216
-786132
-786280
-786228
-786236
-786056
-785968
-785892
-785688
-785596
-785496
-785524
-785512
-785632
-785532
-785600
-785528
-785380
-785444
-785392
-785452
-785664
-785728
-785732
-785788
-785804
-785796
-785740
-785764
-785800
-785808
-785956
-786020
-785868
-785928
-785576
-785684
-785580
-785524
-785416
-785360
-785524
-785480
-785536
-785536
-785548
-785508
-785472
-785596
-785832
-785920
-786004
-785832
-785828
-785824
-785872
-785800
-785532
-785504
-785596
-785676
-785484
-785340
-785264
-785096
-785164
-785256
-785360
-785308
-785340
-785392
-785500
-785412
-785348
-785468
-785480
-785512
-785500
-785368
-785492
-785472
-785352
-785292
-785232
-785260
-785192
-785252
-785300
-785312
-785348
-785304
-785376
-785368
-785444
-785304
-785224
-785232
-785076
-785168
-785320
-785336
-785332
-785368
-785364
-785364
-785136
-785148
-785088
-785036
-785044
-784948
-784892
-784792
-784560
-784620
-784556
-784624
-784648
-784548
-784740
-784524
-784452
-784604
-784708
-784520
-784648
-784720
-784668
-784684
-784764
-784660
-784640
-784656
-784480
-784412
-784424
-784244
-783828
-783824
-783632
-783592
-783608
-783596
-783832
-783724
-783564
-783596
-783720
-783636
-783608
-783576
-783228
-783244
-783236
-783236
-783248
-783288
-783480
-783264
-783284
-783100
-783140
-783056
-782976
-782868
-782916
-782856
-782832
-782768
-782768
-782652
-783008
-782876
-782820
-783116
-783328
-783236
-783180
-783316
-783324
-783148
-783108
-782968
-783040
-782952
-782924
-782940
-782860
-782932
-783016
-782680
-782752
-782716
-782640
-782552
-782544
-782688
-782720
-782660
-782772
-782840
-782844
-782860
-782848
-783060
-783032
-782952
-783016
-782980
-783052
-783076
-783124
-783112
-783452
-783428
-783272
-783220
-783292
-783364
-783432
-783520
-783588
-783564
-783592
-783508
-783504
-783632
-783560
-783588
-783452
-783272
-783336
-783296
-783256
-783356
-783464
-783472
-783464
-783448
-783328
-783192
-783232
-783224
-783388
-783372
-783532
-783612
-783564
-783612
-783592
-783408
-783496
-783600
-783568
-783816
-783848
-783808
-783956
-784068
-783928
-783860
-783824
-783708
-783632
-783608
-783776
-783500
-783612
-783544
-783496
-783608
-783860
-783820
-783936
-784072
-783992
-783892
-783992
-783852
-783876
-784012
-784256
-784304
-784172
-784040
-783988
-783792
-783704
-783760
-783712
-783716
-783656
-783652
-783716
-783520
-783528
-783484
-783348
-783376
-783404
-783392
-783296
-783368
-783356
-783376
-783264
-783320
-783240
-783248
-783352
-783288
-783456
-783432
-783372
-783172
-783068
-782972
-782988
-783136
-783024
-783108
-783224
-783296
-783136
-783020
-783108
-783144
-783088
-783108
-783100
-783132
-783080
-783048
-783120
-783160
-783180
-783224
-783272
-783328
-783268
-783332
-783324
-783324
-783316
-783268
-783248
-783380
-783288
-783064
-783052
-783012
-782920
-783036
-783196
-783156
-782840
-782704
-782728
-782632
-782600
-782880
-782776
-782772
-782800
-782868
-782832
-782852
-782952
-783096
-783340
-783380
-783104
-783304
-783428
-783420
-783396
-783316
-783324
-783308
-783436
-783404
-783292
-783292
-783232
-783264
-783252
-783588
-783592
-783580
-783704
-783532
-783492
-783248
-783324
-783236
-783136
-783084
-783116
-783232
-783176
-783024
-783048
-783004
-783016
-783096
-783128
-783116
-783140
-783068
-783160
-783180
-783252
-783432
-783700
-784020
-784096
-784028
-783872
-783684
-783696
-783888
-783760
-783788
-783848
-783812
-783884
-783824
-783756
-783764
-783936
-784024
-783688
-783828
-783940
-783876
-783864
-783956
-784004
-783884
-783780
-783820
-783700
-783652
-783540
-783696
-783704
-783624
-783440
-783372
-783520
-783456
-783496
-783600
-783664
-783396
-783416
-783312
-783332
-783352
-783300
-783188
-783136
-783344
-783380
-783224
-783224
-783252
-783208
-783208
-783212
-783212
-783184
-783380
-783328
-783440
-783328
-783352
-783396
-783484
-783620
-783652
-783668
-783544
-783728
-783756
-783524
-783568
-783436
-783440
-783500
-783528
-783560
-783684
-783648
-783720
-783692
-783728
-783468
-783524
-783808
-783920
-783836
-783724
-783680
-783640
-783756
-783828
-783852
-783904
-783980
-784004
-783928
-783848
-783832
-783880
-783948
-783840
-783992
-784044
-783912
-783944
-783964
-783956
-784008
-784116
-784228
-784128
-784272
-784088
-784100
-784056
-784116
-784236
-784216
-784208
-784200
-784232
-784268
-784464
-784372
-784516
-784412
-784536
-784532
-784548
-784644
-784620
-784564
-784304
-784296
-784084
-783956
-784120
-784208
-784272
-784272
-784308
-784124
-784352
-784272
-784208
-784092
-784360
-784224
-784200
-784148
-784212
-784264
-784372
-784424
-784240
-784060
-784152
-784196
-784120
-784212
-784312
-784352
-784440
-784452
-784380
-784212
-784448
-784456
-784404
-784308
-784132
-784100
-784084
-784236
-784116
-784192
-784164
-784192
-784236
-784172
-784164
-784036
-784080
-783972
-784116
-784152
-784196
-784004
-784116
-784204
-784172
-784172
-784144
-784144
-784116
-783996
-784204
-784260
-784364
-784428
-784444
-784348
-784424
-784284
-784376
-784320
-784384
-784304
-784148
-784104
-784092
-784104
-784108
-784288
-784244
-784260
-784204
-784304
-784332
-784248
-784212
-784352
-784476
-784340
-784248
-784292
-784132
-784144
-784128
-784164
-784196
-784184
-784200
-784296
-784520
-784552
-784392
-784372
-784320
-784224
-784184
-784080
-784140
-783984
-783920
-783916
-783868
-784000
-784040
-783892
-784068
-784064
-784000
-783988
-784004
-784084
-784124
-784156
-784232
-784116
-784092
-784124
-784400
-784484
-784528
-784372
-784424
-784344
-784496
-784736
-784956
-784896
-784812
-784912
-784796
-784840
-785224
-785428
-785440
-785468
-785396
-785504
-785524
-785492
-785564
-785580
-785624
-785632
-785620
-785568
-785604
-785548
-785516
-785568
-785372
-785240
-785416
-785128
-785160
-785436
-785416
-785536
-785648
-785772
-785932
-785948
-786084
-786028
-786028
-785908
-785900
-785860
-785824
-785716
-785824
-785812
-785796
-785776
-785796
-785760
-785732
-785720
-785612
-785624
-785644
-785716
-785756
-785708
-785836
-785720
-785756
-785716
-785956
-785708
-785816
-785608
-785792
-785824
-785788
-785840
-785932
-785972
-785932
-785932
-785952
-785704
-785676
-785684
-785720
-785428
-785452
-785500
-785420
-785448
-785364
-785312
-785220
-784792
-784860
-784852
-784916
-784920
-785144
-785244
-785196
-785404
-785496
-785556
-785468
-785488
-785600
-785616
-785676
-785692
-785560
-785540
-785464
-785440
-785448
-785468
-785468
-785512
-785512
-785604
-785580
-785580
-785532
-785568
-785568
-785620
-785612
-785572
-785552
-785656
-785676
-785656
-785560
-785484
-785472
-785664
-785724
-785816
-785748
-785784
-785748
-785736
-785832
-785796
-785796
-785920
-785816
-785860
-786028
-785920
-785652
-785720
-785668
-785812
-785736
-785712
-785664
-785720
-785600
-785540
-785560
-785496
-785288
-785264
-785304
-785396
-785568
-785520
-785568
-785588
-785572
-785604
-785532
-785508
-785204
-785160
-784944
-785208
-785104
-785064
-785012
-785080
-785064
-785244
-785356
-785324
-785312
-785320
-785396
-785444
-785548
-785540
-785436
-785440
-785660
-785664
-785484
-785528
-785412
-785196
-785232
-785176
-785012
-785020
-785172
-785144
-785444
-785452
-785532
-785820
-785716
-785696
-785676
-785652
-785724
-785864
-785848
-785940
-785788
-785868
-785848
-785820
-785752
-785636
-785760
-785772
-785800
-785788
-785744
-785996
-786020
-785876
-785820
-785712
-785764
-785656
-785700
-785636
-785436
-785436
-785400
-785480
-785612
-785680
-785576
-785596
-785676
-785800
-785820
-785872
-785788
-785828
-785980
-785928
-785788
-785712
-785596
-785632
-785740
-785720
-785752
-786028
-785964
-786024
-785848
-785704
-785804
-785612
-785656
-785668
-785716
-785740
-785492
-785612
-785468
-785384
-785396
-785388
-785380
-785500
-785396
-785372
-785332
-785208
-785260
-785144
-785108
-785092
-785020
-785084
-785116
-785216
-785296
-785340
-785304
-785372
-785424
-785316
-785536
-785488
-785476
-785596
-785468
-785100
-785040
-784972
-785336
-785444
-785592
-785780
-785640
-785556
-785528
-785448
-785560
-785716
-785852
-785928
-785944
-785820
-785556
-785568
-785588
-785440
-785452
-785536
-785548
-785552
-785520
-785568
-785480
-785380
-785488
-785484
-785400
-785124
-785148
-785072
-784712
-784552
-784576
-784604
-784484
-784568
-784796
-784708
-784788
-784948
-784724
-784688
-784700
-784500
-784416
-784368
-784260
-784352
-784352
-784296
-784444
-784348
-784196
-784136
-784220
-784132
-783928
-783936
-783860
-783832
-784024
-784032
-784224
-784092
-783992
-784020
-784076
-784060
-784196
-784096
-784140
-784448
-784492
-784412
-784552
-784724
-784716
-784600
-784464
-784460
-784152
-784144
-784204
-784236
-784160
-784156
-784068
-784296
-784220
-784284
-784352
-784448
-784364
-784304
-784236
-784336
-784452
-784612
-784480
-784428
-784536
-784552
-784492
-784552
-784536
-784620
-784784
-784704
-784744
-784560
-784376
-784324
-784260
-784200
-784260
-784444
-784380
-784500
-784524
-784464
-784280
-784348
-784504
-784576
-784376
-784268
-784336
-784292
-784464
-784400
-784468
-784616
-784608
-784552
-784552
-784908
-784908
-784912
-784836
-784920
-784924
-784676
-784744
-784876
-784920
-784856
-784856
-784820
-784912
-784968
-785048
-784872
-784812
-784940
-785136
-785188
-785296
-785292
-785216
-785168
-785416
-785332
-785200
-785228
-785204
-785160
-785188
-785076
-785008
-785044
-784988
-784972
-785096
-784896
-784992
-784840
-784828
-784816
-784936
-784524
-784584
-784644
-784680
-784668
-784328
-784372
-784556
-784264
-784344
-784296
-784312
-784248
-784364
-784280
-784432
-784424
-784508
-784460
-784208
-784228
-784212
-784252
-784212
-784236
-784348
-784344
-784408
-784592
-784484
-784520
-784480
-784448
-784652
-784900
-784716
-784600
-784556
-784644
-784720
-784740
-784808
-784816
-784964
-784996
-784972
-784916
-784888
-784968
-785044
-785048
-785104
-785180
-785116
-785112
-785108
-785008
-785012
-785084
-785036
-785076
-785112
-785172
-785272
-785284
-785336
-785360
-785508
-785340
-785340
-785388
-785372
-785304
-785272
-785148
-785004
-784976
-784888
-784836
-784784
-784880
-784952
-784968
-784952
-785040
-785072
-784964
-785088
-785192
-785104
-785040
-785144
-785132
-784948
-784832
-784664
-784676
-784624
-784520
-784528
-784456
-784476
-784724
-784552
-784704
-784632
-784548
-784520
-784524
-784492
-784284
-784408
-784508
-784480
-784132
-784216
-784384
-784232
-784304
-784304
-784384
-784636
-784640
-784604
-784732
-784748
-784804
-784684
-784764
-784652
-784704
-784732
-784952
-784840
-784720
-784744
-784692
-784820
-784692
-784668
-784588
-784508
-784392
-784416
-784436
-784392
-784376
-784392
-784316
-784364
-784724
-784844
-784684
-784704
-784504
-784528
-784520
-784484
-784552
-784592
-784500
-784560
-784604
-784652
-784656
-784652
-784600
-784492
-784436
-784352
-784288
-784332
-784384
-784288
-784292
-784240
-784316
-784508
-784520
-784452
-784460
-784296
-784452
-784516
-784336
-784392
-784284
-784396
-784284
-784280
-784300
-784296
-784236
-784296
-784312
-784376
-784320
-784388
-784356
-784312
-784340
-784468
-784460
-784316
-784372
-784408
-784532
-784456
-784420
-784384
-784320
-784252
-784296
-784372
-784276
-784248
-784336
-784556
-784500
-784656
-784820
-784744
-784840
-784880
-784868
-784896
-784920
-784900
-784844
-784964
-785008
-784968
-784824
-784784
-784784
-784948
-785020
-784944
-784856
-784796
-784816
-784748
-784648
-784556
-784364
-784428
-784464
-784368
-784384
-784584
-784652
-784400
-784344
-784380
-784416
-784460
-784372
-784392
-784276
-784252
-784428
-784468
-784660
-784688
-784256
-784132
-784144
-784072
-784032
-783992
-784020
-783916
-784020
-784092
-784120
-784132
-784304
-784196
-784180
-784100
-784044
-784304
-784028
-783984
-783952
-784336
-784188
-784188
-784200
-784120
-784048
-784284
-783992
-784088
-783852
-783932
-783904
-783904
-783900
-783932
-783984
-783888
-783800
-784056
-784076
-784116
-784228
-784312
-784376
-784164
-784028
-784156
-784184
-784140
-783816
-783916
-784064
-784168
-784320
-784232
-784280
-784360
-784348
-784616
-784768
-784660
-784620
-784652
-784660
-784484
-784652
-785060
-785156
-785196
-785176
-785248
-785304
-785292
-785112
-785144
-785204
-784936
-784884
-784992
-784968
-784892
-785040
-785012
-785008
-785084
-785056
-785088
-785072
-785160
-785184
-785092
-785376
-785324
-785280
-785476
-785528
-785424
-785324
-785216
-785212
-785076
-785080
-784992
-784824
-784644
-784588
-784552
-784564
-784632
-784520
-784520
-784520
-784548
-784596
-784532
-784228
-784192
-784352
-784208
-784188
-784292
-784264
-784168
-784060
-784016
-784004
-784136
-784116
-784112
-784196
-784260
-784204
-784312
-784592
-784804
-784632
-784468
-784148
-784152
-784028
-784028
-784072
-784288
-784368
-784260
-784356
-784284
-784068
-784040
-784220
-784080
-784208
-784288
-784112
-784040
-783844
-783928
-783876
-783992
-783732
-783888
-783840
-783792
-784000
-784112
-784052
-783984
-783816
-783864
-783936
-783876
-783804
-783892
-783632
-783660
-783688
-783744
-783560
-783564
-783504
-783124
-782964
-782916
-782960
-783212
-783232
-783300
-783300
-783320
-783336
-783364
-783276
-783360
-783388
-783464
-783308
-783440
-783384
-783324
-783156
-783256
-783192
-783120
-783252
-783220
-783272
-783160
-783228
-783324
-783276
-783236
-783308
-783404
-783360
-783388
-783360
-783396
-783712
-783760
-784052
-783964
-783936
-783988
-784120
-784008
-784016
-783800
-783820
-783896
-783824
-783820
-783892
-783928
-783960
-783768
-783728
-783588
-783680
-783600
-783480
-783536
-783476
-783436
-783380
-783340
-783360
-783184
-783148
-782952
-783016
-782864
-782840
-782892
-782788
-782828
-782936
-783076
-783208
-783336
-783364
-783344
-783380
-783332
-783568
-783776
-783748
-783656
-783648
-783692
-783808
-783780
-783620
-783680
-783788
-783740
-783752
-783692
-783688
-783700
-783764
-783736
-783712
-783672
-783496
-783400
-783608
-783424
-783404
-783512
-783688
-783740
-783768
-783916
-783732
-783592
-783720
-783692
-783660
-783612
-783632
-783584
-783564
-783408
-783548
-783532
-783488
-783344
-783296
-783152
-783024
-783084
-783096
-783032
-783000
-782944
-782916
-783012
-783044
-782996
-782952
-783056
-782992
-782896
-783076
-782960
-782960
-783028
-782940
-782852
-782804
-782628
-782532
-782620
-782756
-782644
-782612
-782628
-782484
-782416
-782588
-782844
-782812
-782924
-782796
-783056
-782980
-783088
-783024
-782912
-782872
-782740
-782852
-782936
-782784
-782972
-783044
-783104
-783172
-783064
-783180
-783268
-783508
-783604
-783740
-783676
-783672
-783680
-783492
-783484
-783552
-783800
-783880
-783708
-783768
-783576
-783520
-783600
-783648
-783616
-783584
-783304
-783304
-783260
-783064
-783120
-783088
-783004
-783004
-783008
-782992
-783068
-782940
-782896
-782920
-783188
-783084
-783088
-783124
-783028
-782996
-782792
-782892
-782944
-782984
-782908
-782904
-782960
-782864
-782900
-782892
-782812
-782880
-782748
-782732
-782848
-782948
-783068
-783208
-783232
-783212
-783168
-783372
-783320
-783308
-783428
-783300
-783248
-783220
-783408
-783284
-783432
-783232
-783276
-783408
-783480
-783360
-783592
-783564
-783488
-783448
-783440
-783424
-783400
-783340
-783340
-783304
-783240
-783204
-783096
-783040
-783024
-782980
-783128
-783064
-783116
-783024
-782964
-782728
-782620
-782856
-782712
-782660
-782612
-782624
-782812
-782896
-782824
-782776
-782652
-782564
-782292
-782240
-782232
-782252
-782264
-782200
-782080
-782112
-782140
-782312
-782456
-782072
-782012
-781988
-782028
-782028
-781944
-781840
-781944
-781828
-781776
-781780
-781756
-781576
-781620
-781508
-781484
-781452
-781464
-781560
-781644
-781764
-781900
-781788
-781828
-781868
-781780
-781980
-781972
-781988
-781932
-781720
-781672
-781648
-781748
-781584
-781688
-781644
-781840
-782144
-782056
-782032
-782052
-782260
-782144
-782060
-781944
-781880
-781800
-781868
-781984
-782028
-781876
-781832
-781700
-781624
-781720
-781476
-781504
-781596
-781632
-781576
-781504
-781504
-781456
-781456
-781432
-781524
-781616
-781696
-781924
-782048
-781968
-781852
-781876
-781876
-781932
-781712
-781504
-781500
-781380
-781300
-781280
-781196
-781336
-781220
-781040
-781012
-780960
-780864
-780932
-780660
-780464
-780640
-780604
-780596
-780912
-780948
-780920
-781028
-781008
-780744
-780564
-780520
-780548
-780516
-780524
-780632
-780716
-780776
-780760
-780688
-780852
-780816
-780740
-780596
-780648
-780664
-780700
-780520
-780432
-780272
-780268
-780276
-780236
-780184
-780036
-780040
-780112
-779836
-779724
-779672
-779596
-779676
-779832
-779836
-779836
-780064
-780088
-780024
-779948
-779860
-779840
-779836
-779432
-779116
-779112
-778984
-778756
-778836
-778908
-779036
-779120
-779040
-779128
-779284
-779268
-779048
-779104
-779100
-779016
-779080
-779352
-779368
-779292
-779136
-779096
-779044
-778856
-778784
-778916
-779076
-779036
-778968
-779096
-779260
-779152
-778964
-779088
-779344
-779372
-779240
-779264
-779496
-779564
-779492
-779648
-779512
-779652
-779760
-779680
-779724
-779540
-779588
-779592
-779764
-779800
-779588
-779748
-779816
-779784
-779696
-779504
-779492
-779608
-779584
-779840
-779804
-779852
-779856
-779816
-779820
-779712
-779844
-779896
-780120
-780064
-780152
-780232
-780156
-780276
-780272
-780256
-780312
-780424
-780588
-780516
-780476
-780256
-780480
-780308
-780400
-780312
-780360
-780560
-780432
-780560
-780648
-780888
-780824
-780840
-780928
-780976
-781044
-780992
-780888
-781004
-780876
-781068
-781096
-780988
-780980
-780956
-780892
-781008
-780948
-781088
-781168
-781044
-781188
-781248
-781216
-781036
-781108
-781088
-781052
-781108
-781164
-780984
-780924
-780964
-781068
-781040
-780996
-780936
-780872
-780900
-780868
-780844
-780828
-780796
-780672
-780736
-780644
-780724
-780808
-780800
-780828
-780748
-780820
-780568
-780612
-780528
-780608
-780600
-780528
-780560
-780664
-780688
-780768
-780776
-780672
-780848
-780884
-780888
-780616
-780704
-780664
-780644
-780576
-780540
-780756
-780692
-780568
-780572
-780636
-780540
-780476
-780612
-780692
-780664
-780700
-780632
-780760
-780784
-780744
-780944
-780788
-780760
-780636
-780820
-780936
-780988
-781188
-781060
-781048
-781056
-781208
-781156
-781388
-781492
-781424
-781452
-781476
-781620
-781584
-781456
-781436
-781276
-781656
-781632
-781600
-781624
-781428
-781296
-781244
-781192
-781200
-781304
-781156
-781084
-781176
-781128
-780992
-781080
-781148
-780940
-781028
-781048
-780956
-781016
-781108
-781104
-780968
-780888
-780976
-781112
-780952
-780884
-780892
-780964
-780900
-780852
-780792
-780720
-780716
-780768
-780684
-780720
-780820
-780780
-780760
-780756
-780740
-780824
-780872
-780968
-781124
-781080
-781228
-781220
-781168
-781352
-781372
-781324
-781268
-781440
-781508
-781640
-781748
-781916
-781924
-781684
-781564
-781604
-781608
-781704
-781748
-781760
-781908
-781996
-781940
-782032
-782032
-781940
-781904
-781712
-781760
-781856
-781936
-781924
-781716
-781608
-781564
-781620
-781784
-781736
-781592
-781524
-781512
-781456
-781532
-781424
-781504
-781480
-781476
-781472
-781432
-781512
-781176
-781164
-781064
-781228
-781308
-781428
-781384
-781268
-781276
-781088
-781168
-781092
-781240
-781116
-781136
-781168
-781232
-781316
-781288
-781468
-781496
-781448
-781504
-781564
-781704
-781704
-781600
-781612
-781592
-781704
-781620
-781708
-781672
-781732
-781604
-781568
-781492
-781544
-781748
-781792
-781892
-781956
-781904
-782304
-782324
-782340
-782340
-782360
-782452
-782416
-782460
-782296
-782340
-782272
-782200
-782272
-782220
-782100
-782028
-781908
-781908
-781664
-781684
-781596
-781640
-781696
-781776
-781712
-781552
-781564
-781604
-781584
-782072
-782108
-782036
-782104
-782152
-782412
-782400
-782412
-782288
-782384
-782412
-782440
-782492
-782364
-782412
-782380
-782316
-782296
-782360
-782224
-782232
-782208
-782144
-782184
-782156
-782276
-782172
-782252
-782392
-782448
-782508
-782628
-782672
-782788
-782716
-782708
-782768
-782888
-782812
-782788
-782776
-782700
-782712
-782744
-782808
-782644
-782568
-782620
-782696
-782800
-782660
-782724
-782704
-782664
-782732
-782868
-782956
-782920
-782860
-782676
-782696
-782564
-782596
-782464
-782328
-782340
-782400
-782400
-782416
-782396
-782416
-782388
-782312
-782176
-782292
-782244
-782328
-782412
-782412
-782436
-782360
-782560
-782544
-782652
-782704
-782732
-782800
-782832
-782872
-782908
-782820
-782980
-782964
-783060
-782964
-782936
-782916
-783140
-783116
-783224
-783296
-783120
-783128
-783120
-783104
-783204
-783072
-783016
-783040
-782984
-783180
-783284
-783320
-783344
-783576
-783744
-783596
-783712
-783768
-783668
-783752
-783776
-784100
-784120
-784096
-784180
-784132
-784096
-784208
-784276
-784376
-784716
-784732
-784696
-784716
-784828
-784792
-784924
-784904
-784752
-784712
-784872
-784744
-784756
-784772
-784792
-784720
-784852
-784856
-784880
-784948
-784896
-784820
-784836
-784928
-785028
-784992
-785072
-785096
-785048
-785096
-785144
-785180
-785368
-785488
-785476
-785180
-785180
-784964
-784920
-784900
-785064
-785032
-784976
-784940
-784856
-784788
-784900
-784872
-784800
-784732
-784652
-784608
-784612
-784548
-784320
-784412
-784352
-784640
-784684
-784700
-784788
-784704
-784700
-784768
-784720
-784772
-784820
-784900
-785024
-785056
-785076
-784940
-784876
-784868
-784912
-784924
-784800
-784744
-784708
-784708
-784780
-784888
-785028
-785040
-785060
-785100
-785088
-785068
-785108
-785056
-785020
-784908
-784932
-784880
-785032
-784904
-785048
-785052
-785072
-785052
-785076
-785088
-784904
-784632
-784704
-784580
-784372
-784368
-784304
-784272
-784184
-783904
-783924
-784172
-784268
-784276
-784192
-784224
-784048
-783828
-783780
-783704
-783756
-783728
-783840
-783708
-783644
-783568
-783592
-783628
-783668
-783808
-783816
-783708
-783716
-783784
-783836
-783888
-784076
-783884
-783992
-783844
-783700
-783552
-783492
-783544
-783816
-783812
-783740
-783688
-783744
-783712
-783576
-783668
-783700
-783608
-783648
-783692
-783856
-783876
-783828
-783800
-783480
-783516
-783492
-783524
-783456
-783564
-783568
-783664
-783800
-783860
-783840
-783756
-783892
-783832
-783852
-783960
-783872
-783920
-784008
-784180
-784180
-784180
-784084
-784076
-784120
-784104
-784056
-784128
-784064
-784008
-784044
-783936
-783820
-783720
-783788
-783872
-783824
-783916
-783836
-783892
-783744
-783752
-783636
-783892
-783792
-783796
-783908
-783896
-783892
-783952
-783760
-783936
-783804
-783740
-783796
-784024
-784096
-784096
-784096
-784128
-784272
-784316
-784336
-784264
-784324
-784156
-784168
-784080
-783936
-783832
-783868
-783928
-784136
-784204
-784204
-784544
-784548
-784484
-784236
-784000
-783976
-783872
-784092
-783880
-783916
-783896
-783860
-783816
-783904
-783908
-783876
-783964
-784088
-784076
-784144
-784128
-784080
-784276
-784156
-784096
-783976
-784248
-784100
-784072
-783968
-784120
-784104
-784076
-783908
-783932
-783944
-784048
-784244
-784304
-784148
-784388
-784552
-784728
-784816
-784964
-785000
-785060
-785324
-785420
-785484
-785248
-785392
-785420
-785296
-785268
-785256
-785348
-785372
-785264
-785360
-785404
-785308
-785128
-784964
-784992
-785080
-784680
-784340
-784276
-784236
-784120
-784100
-783908
-784008
-783900
-783772
-783752
-783700
-783724
-783700
-783676
-783696
-783884
-783736
-783692
-783632
-783496
-783144
-783028
-782992
-783204
-783188
-783100
-783260
-783404
-783204
-783436
-783312
-783476
-783476
-783656
-783828
-783868
-783952
-783912
-783856
-783704
-783728
-783584
-783468
-783528
-783580
-783656
-783532
-783672
-783748
-783504
-783464
-783268
-783260
-783464
-783472
-783436
-783300
-783332
-783472
-783436
-783396
-783448
-783352
-783360
-783340
-783404
-783428
-783420
-783516
-783536
-783576
-783424
-783596
-783608
-783676
-783656
-783796
-783784
-783788
-783700
-783688
-783576
-783588
-783588
-783460
-783528
-783516
-783580
-783532
-783612
-783668
-783580
-783524
-783464
-783280
-783256
-783136
-782984
-782944
-783084
-783048
-783112
-783064
-783268
-783228
-783204
-783284
-783208
-783096
-783140
-783440
-783440
-783532
-783424
-783432
-783328
-783236
-783460
-783328
-783232
-783204
-783292
-783408
-783384
-783420
-783272
-783344
-783400
-783436
-783372
-783412
-783416
-783588
-783584
-783628
-783504
-783580
-783496
-783464
-783520
-783588
-783572
-783416
-783396
-783336
-783244
-783240
-783144
-783196
-783200
-783008
-783040
-782992
-783284
-783356
-783324
-783348
-783404
-783356
-783572
-783508
-783684
-783540
-783556
-783528
-783640
-783580
-783628
-783612
-783660
-783692
-783756
-783884
-783832
-783788
-783812
-783848
-783900
-783924
-783964
-783840
-783936
-783864
-783964
-783868
-784040
-784060
-784320
-784416
-784376
-784412
-784492
-784420
-784472
-784468
-784444
-784528
-784548
-784524
-784548
-784524
-784580
-784552
-784560
-784508
-784640
-784424
-784348
-784508
-784428
-784544
-784400
-784384
-784544
-784584
-784664
-784688
-784656
-784584
-784548
-784580
-784492
-784416
-784520
-784468
-784472
-784384
-784324
-784184
-784200
-784220
-784200
-784028
-784084
-784160
-784112
-783940
-783824
-783920
-783948
-783964
-784012
-783792
-783744
-783760
-783684
-783704
-783584
-783636
-783576
-783664
-783672
-783672
-783544
-783612
-783592
-783564
-783416
-783628
-783616
-783860
-784080
-784124
-784152
-784352
-784336
-784240
-784320
-784448
-784576
-784592
-784728
-784676
-784756
-784724
-784692
-784740
-784708
-784808
-784708
-784672
-784856
-784964
-785040
-785004
-785000
-785148
-785140
-785072
-785060
-785004
-784984
-785040
-784936
-784704
-784788
-784616
-784636
-784696
-784768
-784856
-784524
-784744
-784756
-784680
-784744
-784736
-784732
-784992
-784844
-784772
-784872
-784876
-784920
-785060
-785136
-785272
-785320
-785548
-785472
-785372
-785240
-785120
-785164
-784980
-785088
-785232
-785312
-785308
-785192
-785128
-785240
-785464
-785464
-785456
-785492
-785532
-785576
-785404
-785476
-785392
-785400
-785312
-785248
-785376
-785456
-785284
-785196
-785236
-785340
-785540
-785452
-785448
-785476
-785472
-785468
-785500
-785492
-785536
-785616
-785672
-785744
-785868
-785672
-785684
-785596
-785600
-785776
-785780
-785632
-785628
-785644
-785696
-785620
-785632
-785600
-785716
-785592
-785620
-785412
-785616
-785640
-785588
-785572
-785544
-785768
-785740
-785648
-785756
-785744
-785676
-785708
-785684
-785612
-785392
-785312
-785340
-785340
-785464
-785368
-785204
-785184
-785240
-785388
-785488
-785364
-785500
-785540
-785524
-785612
-785680
-785560
-785400
-785536
-785840
-785728
-785952
-785924
-786000
-785896
-785928
-786020
-785856
-785704
-785784
-785716
-785720
-785656
-785688
-785640
-785748
-785728
-785720
-785664
-785436
-785436
-785316
-785132
-785260
-785340
-785392
-785400
-785328
-785360
-785328
-785312
-785244
-785252
-785300
-785248
-785464
-785652
-785596
-785552
-785556
-785620
-785572
-785336
-785148
-784996
-785048
-784984
-784996
-785024
-784988
-785000
-784864
-784896
-784788
-784684
-784664
-784748
-784852
-784840
-784856
-784988
-785096
-785104
-785136
-785168
-785144
-785096
-785164
-785092
-785040
-785148
-785356
-785216
-785060
-785108
-785112
-785168
-785196
-785164
-785108
-784952
-785048
-785108
-785148
-785192
-785152
-785212
-784996
-785136
-785120
-785228
-785364
-785300
-785372
-785376
-785460
-785472
-785504
-785456
-785392
-785348
-785092
-785020
-785072
-785060
-785044
-784980
-785068
-785120
-785292
-785284
-784956
-784956
-784924
-784976
-784836
-784780
-784780
-784760
-784576
-784596
-784684
-784720
-784728
-784720
-784640
-784544
-784596
-784608
-784764
-784604
-784728
-784676
-784584
-784616
-784268
-784080
-784320
-784316
-784512
-784412
-784572
-784588
-784824
-784760
-784772
-784912
-784812
-784756
-784884
-784880
-784884
-785108
-785028
-785036
-784968
-785084
-785140
-785260
-785348
-785240
-785376
-785500
-785812
-785764
-785868
-785908
-785892
-785764
-785636
-785668
-785612
-785568
-785544
-785540
-785532
-785608
-785820
-785696
-785720
-785716
-785764
-785924
-786032
-786128
-786128
-786160
-786228
-786308
-786364
-786556
-786472
-786544
-786492
-786572
-786592
-786592
-786620
-786676
-786680
-786652
-786668
-786484
-786828
-786900
-786780
-786912
-786724
-786632
-786284
-786376
-786412
-786392
-786284
-786316
-786292
-786300
-786356
-786280
-786312
-786152
-786116
-786100
-786264
-786328
-786400
-786300
-786240
-786328
-786216
-786280
-786284
-786328
-786208
-786320
-786140
-786188
-786244
-786308
-786356
-786304
-786200
-786224
-786288
-786288
-786216
-786340
-786344
-786212
-786180
-786092
-786092
-786016
-786088
-786104
-786048
-786044
-786080
-785916
-785852
-785796
-785892
-785856
-785928
-785932
-785944
-785932
-785888
-785872
-785988
-786028
-786024
-785992
-785912
-785860
-785812
-785808
-785828
-785848
-785880
-785928
-785896
-785976
-785952
-785904
-785960
-785964
-785964
-786056
-786104
-786160
-786152
-786000
-785964
-786004
-786112
-786140
-786172
-786192
-786584
-786428
-786396
-786524
-786436
-786412
-786332
-786172
-786004
-786084
-786136
-786552
-786552
-786560
-786556
-786580
-786852
-787212
-787276
-787316
-787212
-787176
-787124
-786968
-786856
-787032
-787032
-787064
-787148
-787292
-787236
-787276
-787348
-787220
-787180
-787044
-787020
-786888
-786916
-786964
-786996
-786968
-786968
-787064
-787112
-787032
-787056
-787120
-787100
-787012
-786892
-786940
-786860
-786796
-786904
-786936
-787136
-787040
-787080
-786920
-786976
-786936
-786808
-786836
-786792
-786776
-786728
-786708
-786600
-786724
-786596
-786632
-786716
-786780
-786604
-786608
-786640
-786620
-786584
-786680
-786552
-786564
-786640
-786772
-786912
-786812
-786820
-786840
-786952
-786848
-786820
-786836
-786728
-786568
-786436
-786468
-786456
-786396
-786448
-786500
-786488
-786552
-786456
-786360
-786476
-786480
-786488
-786364
-786388
-786304
-786372
-786488
-786428
-786412
-786428
-786496
-786552
-786568
-786592
-786360
-786444
-786364
-786320
-786708
-786612
-786672
-786612
-786604
-786636
-786480
-786540
-786404
-786328
-786260
-786160
-786260
-786172
-786316
-786196
-786028
-786032
-785872
-785816
-785816
-785812
-785984
-785936
-785856
-785916
-785724
-785712
-785428
-785416
-785304
-785328
-785368
-785252
-785328
-785164
-785212
-785184
-785184
-785220
-785200
-785088
-785096
-785056
-784832
-784948
-784944
-785060
-785116
-785124
-785064
-785052
-785116
-785040
-785104
-785112
-785184
-785096
-784976
-785152
-785004
-784980
-784972
-785092
-785176
-785100
-785128
-785176
-785132
-785088
-785160
-785076
-785120
-785184
-785152
-785308
-785420
-785344
-785664
-785780
-785768
-785812
-785812
-785744
-785784
-785952
-785900
-785688
-785484
-785436
-785336
-785320
-785376
-785372
-785392
-785200
-785172
-785052
-785140
-785208
-785132
-785056
-784980
-784712
-784576
-784528
-784600
-784556
-784536
-784504
-784524
-784532
-784472
-784552
-784672
-784796
-784604
-784600
-784520
-784472
-784468
-784468
-784380
-784484
-784196
-784252
-784192
-784196
-784080
-784052
-783980
-783884
-783880
-783928
-783932
-783932
-783872
-783968
-783936
-783992
-783948
-783936
-783984
-783992
-784000
-783852
-783992
-783888
-783692
-783800
-783940
-783920
-784232
-784308
-784228
-784284
-784260
-784420
-784420
-784308
-784288
-784320
-784300
-784256
-784244
-784156
-784096
-784112
-784160
-784224
-783976
-784148
-784184
-784104
-784008
-784000
-784012
-784020
-783968
-784100
-783980
-783844
-783904
-783844
-783880
-783996
-784032
-784084
-784028
-784048
-784016
-784024
-783944
-784048
-784004
-783972
-783968
-783876
-783920
-783876
-783956
-784016
-783916
-783848
-783840
-783888
-783844
-783948
-783944
-783860
-783852
-783696
-783696
-783700
-783800
-783832
-783920
-783820
-783836
-783896
-783996
-783904
-783848
-783740
-783876
-783788
-783856
-783892
-784000
-783932
-784068
-784032
-783948
-784156
-784152
-784244
-784212
-784096
-784020
-784080
-784360
-784408
-784260
-784136
-784268
-784148
-784120
-784144
-784112
-784268
-784296
-784188
-784192
-784132
-784132
-784120
-784072
-784044
-783948
-783996
-784024
-784112
-784104
-784052
-783928
-783836
-783908
-783776
-783988
-784096
-784096
-784200
-784268
-784236
-783868
-783768
-783844
-783588
-783716
-783592
-783584
-783676
-783748
-783824
-783900
-783704
-783752
-783604
-783548
-783520
-783576
-783536
-783440
-783648
-783668
-783820
-783788
-783772
-783728
-783836
-783844
-783660
-783628
-783832
-783900
-783908
-783968
-783924
-783956
-783952
-784044
-783992
-784008
-784072
-784208
-784228
-784204
-784120
-784192
-784164
-784184
-784168
-783912
-783916
-783712
-783640
-783724
-783788
-783540
-783616
-783320
-783156
-783364
-783276
-783352
-783428
-783392
-783392
-783368
-783504
-783384
-783428
-783572
-783596
-783748
-783700
-783660
-783532
-783592
-783612
-783548
-783460
-783176
-783120
-783040
-783104
-783124
-783000
-783024
-783124
-783080
-782948
-782932
-782956
-782832
-782724
-782684
-782708
-782852
-782812
-782820
-782812
-782956
-782800
-782724
-782672
-782576
-782264
-782216
-782220
-782276
-782268
-782644
-782672
-782576
-782460
-782456
-782456
-782424
-782516
-782512
-782524
-782516
-782620
-782724
-782828
-782836
-782900
-783020
-783056
-783100
-783132
-783224
-783176
-783384
-783448
-783276
-783264
-783176
-783260
-783292
-783332
-783424
-783268
-783216
-783192
-783344
-783420
-783392
-783476
-783440
-783560
-783520
-783512
-783468
-783460
-783576
-783524
-783612
-783524
-783600
-783628
-783580
-783712
-783788
-783716
-783636
-783672
-783640
-783568
-783500
-783308
-783332
-783268
-783384
-783372
-783520
-783596
-783580
-783568
-783664
-783616
-783504
-783396
-783316
-783300
-783340
-783316
-783052
-783104
-783160
-783232
-782960
-782784
-782676
-782772
-782748
-782716
-782724
-782984
-783080
-783132
-783232
-783164
-783268
-783304
-783280
-783312
-783380
-783316
-783172
-783016
-782824
-782780
-782860
-782904
-783060
-783140
-783280
-783320
-783460
-783404
-783508
-783396
-783364
-783376
-783280
-783192
-783092
-783160
-783084
-783164
-783252
-783228
-783236
-783284
-783248
-783208
-783216
-783268
-783244
-783388
-783236
-783256
-783008
-782948
-783076
-782976
-783144
-783044
-783048
-783120
-783208
-783160
-783284
-783284
-783444
-783248
-783176
-783024
-783004
-782928
-782988
-783076
-783040
-782672
-782704
-782568
-782216
-782332
-782300
-782300
-782384
-782592
-782588
-782556
-782764
-782848
-782748
-782796
-782736
-782784
-782672
-782636
-782620
-782552
-782488
-782328
-782360
-782300
-782328
-782432
-782432
-782284
-782336
-782504
-782612
-782664
-782540
-782532
-782360
-782532
-782580
-782596
-782844
-782800
-782744
-782640
-782516
-782656
-782716
-782628
-782616
-782692
-782788
-782540
-782496
-782400
-782244
-782396
-782376
-782472
-782456
-782420
-782508
-782500
-782468
-782520
-782576
-782428
-782344
-782352
-782308
-782408
-782356
-782284
-782424
-782824
-782864
-782720
-782732
-782748
-782780
-782692
-782580
-782664
-782512
-782636
-782720
-782692
-782616
-782568
-782584
-782712
-782804
-782688
-782752
-782672
-782712
-782568
-782416
-782492
-782380
-782200
-782168
-781984
-782112
-782160
-782104
-782144
-782084
-781936
-781984
-781976
-781996
-782044
-781976
-782056
-782088
-782192
-782196
-782192
-782220
-782380
-782368
-782348
-782348
-782444
-782484
-782464
-782212
-782032
-782132
-782088
-782024
-781996
-782104
-782216
-782288
-782320
-782508
-782360
-782316
-782416
-782388
-782172
-782252
-782288
-782276
-782352
-782364
-782384
-782344
-782532
-782396
-782312
-782224
-782356
-782372
-782248
-782076
-782116
-782128
-782092
-782032
-782016
-781864
-781904
-781924
-781912
-781996
-781916
-781812
-781780
-781936
-781960
-781864
-781860
-781900
-781784
-781748
-781672
-781796
-781768
-781884
-781896
-781648
-781688
-781704
-781484
-781580
-781636
-781560
-781564
-781704
-781672
-781656
-781708
-781788
-781848
-781732
-781724
-781964
-781956
-781920
-782088
-782260
-782268
-782172
-782060
-782072
-781796
-781624
-781544
-781452
-781556
-781384
-781452
-781516
-781480
-781548
-781632
-781548
-781952
-782032
-782008
-781908
-781924
-781880
-781948
-781860
-781832
-781848
-781776
-781848
-781924
-781784
-781784
-781756
-781864
-781836
-782048
-782236
-782244
-782172
-782184
-782168
-782080
-782092
-782228
-782180
-782128
-782060
-782112
-782104
-782144
-782184
-782204
-782252
-782108
-781992
-782052
-782048
-782112
-782124
-782088
-782096
-782052
-782212
-782264
-782128
-782140
-782396
-782388
-782328
-782352
-782236
-782292
-782128
-781904
-781836
-781840
-781900
-781912
-781816
-781776
-781864
-781728
-781808
-781712
-781704
-781716
-781560
-781720
-781620
-781640
-781464
-781344
-781376
-781144
-781252
-781404
-781268
-781220
-781276
-781524
-781444
-781476
-781556
-781468
-781436
-781364
-781272
-781324
-781332
-781260
-781344
-781228
-781224
-781112
-781020
-781044
-781000
-780892
-780924
-780904
-780764
-780776
-780892
-780860
-780960
-780900
-780996
-781028
-781140
-781172
-781164
-781148
-781356
-781412
-781340
-781256
-781320
-781312
-781244
-781300
-781412
-781428
-781340
-781380
-781412
-781312
-781408
-781448
-781588
-781712
-781648
-781540
-781532
-781240
-781160
-780936
-780888
-780628
-780564
-780724
-780636
-780568
-780716
-780744
-780828
-780860
-780812
-780768
-780688
-780596
-780472
-780468
-780464
-780580
-780492
-780700
-780532
-780572
-780364
-780372
-780364
-780340
-780388
-780516
-780448
-780616
-780912
-781160
-781068
-781068
-780864
-780928
-781072
-781040
-781092
-781008
-781144
-781160
-781132
-781180
-781000
-781040
-780944
-781016
-781068
-781016
-781012
-781124
-781120
-781068
-780992
-781036
-781072
-781072
-780944
-780968
-781052
-781008
-781016
-780944
-780980
-781224
-781356
-781356
-781332
-781192
-781052
-781120
-781104
-781104
-781016
-781020
-781092
-780896
-780992
-781060
-780996
-780948
-781036
-781040
-781044
-781212
-781292
-781224
-781288
-781200
-781276
-781188
-781280
-781232
-781480
-781492
-781516
-781456
-781668
-781620
-781496
-781392
-781540
-781540
-781368
-781392
-781368
-781424
-781512
-781572
-781488
-781516
-781164
-781232
-781012
-780916
-780800
-780872
-780960
-780852
-781204
-781212
-781188
-781104
-781084
-781132
-781308
-781328
-780988
-781048
-781176
-781172
-781252
-781304
-781276
-781392
-781316
-781140
-781500
-781488
-781508
-781584
-781488
-781452
-781480
-781484
-781564
-781352
-781260
-781160
-781152
-780992
-780948
-780936
-780908
-781008
-781096
-781056
-780988
-780960
-781004
-781140
-780808
-780816
-780824
-780848
-780784
-780856
-780896
-780960
-781072
-781016
-781024
-780896
-780888
-780956
-781100
-781152
-781012
-780944
-781104
-781196
-781200
-781164
-780968
-781084
-781216
-781204
-781000
-781196
-781268
-781352
-781416
-781572
-781704
-781728
-781724
-781668
-781792
-781960
-781956
-782068
-782052
-781960
-781936
-781772
-781808
-781752
-781760
-781704
-781644
-781544
-781304
-781276
-781280
-781232
-781140
-781164
-781128
-780988
-781044
-781136
-781096
-781092
-781220
-781280
-781184
-781188
-781084
-781064
-781096
-781032
-780976
-780988
-781072
-781116
-780992
-781084
-781064
-781124
-781088
-781112
-781068
-781104
-781200
-781160
-780856
-780800
-780508
-780464
-780580
-780616
-780620
-780564
-780676
-780604
-780516
-780592
-780580
-780656
-780768
-780856
-780784
-780608
-780696
-780680
-780768
-780744
-780744
-780624
-780644
-780716
-781060
-780592
-780600
-780580
-780416
-780428
-780256
-779836
-780140
-780196
-780320
-780664
-780836
-780876
-780736
-780728
-780792
-780896
-780852
-780848
-780944
-780956
-780988
-781012
-781016
-781308
-781268
-781212
-781288
-781280
-781312
-781368
-781340
-781208
-781056
-781096
-781156
-781316
-781368
-781492
-781520
-781208
-781052
-781220
-781220
-781268
-781196
-781300
-781280
-781240
-781244
-781352
-781140
-781192
-781240
-781232
-780984
-781200
-781412
-781352
-781476
-781564
-781608
-781660
-781712
-781760
-781728
-781540
-781500
-781516
-781440
-781372
-781388
-781396
-781444
-781332
-781288
-781436
-781532
-781520
-781636
-781580
-781668
-782004
-782108
-782160
-782220
-782104
-781984
-782040
-781844
-781824
-781768
-781788
-781760
-781820
-781880
-781704
-781680
-781676
-781764
-781724
-781856
-781888
-782016
-782096
-782188
-782240
-782288
-782484
-782520
-782632
-782564
-782428
-782436
-782340
-782384
-782492
-782448
-782360
-782388
-782448
-782440
-782500
-782472
-782480
-782316
-782500
-782512
-782512
-782504
-782696
-782640
-782652
-782708
-782736
-782660
-782820
-782788
-782812
-782772
-782656
-782652
-782776
-782840
-782668
-782908
-782896
-782972
-783016
-783040
-783016
-782992
-782976
-782952
-782884
-782868
-783076
-783032
-782952
-782960
-782904
-782484
-782396
-782588
-782680
-782776
-782808
-782704
-782672
-782588
-782696
-782620
-782392
-782432
-782508
-782600
-782604
-782688
-782524
-782468
-782624
-782732
-782520
-782164
-782280
-782296
-782276
-782016
-781972
-782104
-782016
-782076
-782156
-782120
-782204
-782508
-782444
-782520
-782596
-782860
-783036
-783072
-783152
-783252
-783200
-783128
-783220
-783248
-783232
-783244
-783388
-783456
-783628
-783540
-783548
-783376
-783488
-783632
-783660
-783848
-783788
-783892
-784248
-784204
-784216
-784172
-784252
-784068
-784304
-784336
-784048
-783960
-783800
-783824
-783720
-783736
-783536
-783536
-783512
-783492
-783452
-783340
-783384
-783572
-783372
-783412
-783432
-783364
-783512
-783452
-783508
-783464
-783476
-783440
-783572
-783512
-783572
-783428
-783496
-783376
-783576
-783504
-783696
-783740
-783664
-783656
-783612
-783604
-783416
-783444
-783448
-783468
-783524
-783560
-783520
-783544
-783828
-783732
-783688
-783892
-783792
-783752
-783764
-783788
-783764
-783780
-783832
-783940
-783900
-783536
-783628
-783864
-783804
-784068
-784012
-783788
-783692
-783740
-783592
-783492
-783580
-783580
-783572
-783552
-783620
-783560
-783552
-783608
-783868
-783944
-783720
-783760
-783708
-783624
-783496
-783516
-783496
-783520
-783616
-783564
-783528
-783684
-783684
-783652
-783668
-783688
-783680
-783756
-783704
-783840
-783764
-783600
-783556
-783476
-783448
-783536
-783608
-783608
-783540
-783460
-783496
-783392
-783316
-783260
-783168
-783200
-783296
-783216
-783280
-783204
-783400
-783444
-783436
-783404
-783520
-783336
-783448
-783328
-783256
-783276
-783300
-783312
-783356
-782940
-782940
-783036
-783364
-783300
-783408
-783360
-783348
-783344
-783352
-783348
-783284
-783352
-783328
-783648
-783672
-783552
-783608
-783560
-783504
-783568
-783488
-783456
-783492
-783448
-783500
-783588
-783732
-783776
-783840
-783872
-783840
-783992
-783936
-783832
-783696
-783440
-783656
-783580
-783620
-783748
-783704
-783392
-783128
-783164
-783188
-783176
-783180
-783216
-783216
-783236
-783216
-783220
-783052
-783320
-783452
-783408
-783396
-783432
-783508
-783448
-783448
-783448
-783600
-783564
-783684
-783692
-783840
-783784
-783764
-783796
-783700
-783800
-783860
-783700
-783816
-783968
-783752
-783736
-783632
-783636
-783580
-783440
-783200
-783156
-783096
-783068
-783160
-783332
-782960
-782968
-782960
-782860
-782872
-782856
-782724
-782772
-782844
-783004
-782836
-782728
-782676
-782620
-782568
-782544
-782608
-782772
-782864
-782760
-782740
-782736
-782896
-782916
-782872
-782912
-782804
-782696
-782684
-782540
-782564
-782548
-782524
-782488
-782516
-782560
-782596
-782488
-782416
-782488
-782556
-782420
-782540
-782524
-782536
-782476
-782516
-782544
-782552
-782488
-782336
-782176
-782152
-782180
-782164
-782188
-782240
-782244
-782292
-782404
-782372
-782616
-782556
-782504
-782632
-782508
-782544
-782580
-782436
-782500
-782648
-782800
-782780
-782792
-782744
-782724
-782744
-782892
-782796
-783032
-783044
-783000
-783076
-783048
-783052
-782884
-782960
-783092
-783008
-782888
-782948
-783048
-783112
-783000
-783080
-783256
-783328
-783512
-783712
-783652
-783688
-783724
-783684
-783768
-783732
-783792
-783812
-783788
-783724
-783668
-783544
-783608
-783668
-783644
-783596
-783456
-783236
-783384
-783268
-783308
-783368
-783288
-783304
-783284
-783500
-783220
-783260
-783176
-783188
-783236
-783220
-783264
-783284
-783164
-783272
-783292
-783240
-782996
-782892
-783036
-783044
-783000
-782900
-782880
-782848
-782856
-782912
-782868
-783004
-782944
-782772
-782976
-783092
-783064
-782840
-782764
-782852
-782928
-783008
-782988
-783224
-783184
-783132
-782888
-782780
-782852
-782604
-782580
-782852
-782852
-782848
-782760
-782672
-782600
-782492
-782368
-782312
-782308
-782220
-782032
-782120
-782268
-782212
-782180
-782044
-781976
-782052
-781920
-782032
-782124
-782052
-782000
-782184
-782304
-782424
-782580
-782712
-782620
-782632
-782508
-782540
-782512
-782556
-782524
-782568
-782688
-782680
-782584
-782584
-782520
-782336
-782304
-782304
-782244
-782232
-782212
-782264
-782228
-782352
-782396
-782140
-782184
-782184
-782192
-781896
-781968
-781832
-781868
-781984
-782024
-781952
-782028
-781948
-781924
-781896
-781708
-781884
-781900
-781824
-781616
-781632
-781740
-781776
-781700
-781828
-781892
-781820
-781884
-781908
-782012
-781992
-782048
-782024
-782096
-782112
-782240
-782316
-782400
-782416
-782248
-782344
-782364
-782488
-782420
-782400
-782464
-782320
-782300
-782152
-782300
-782236
-782308
-782212
-782336
-782300
-782304
-782408
-782672
-782460
-782428
-782536
-782596
-782792
-782740
-782404
-782432
-782196
-782216
-782024
-781928
-781924
-781788
-781712
-781800
-781704
-781680
-781636
-781708
-781760
-781756
-781748
-781704
-781504
-781476
-781448
-781456
-781480
-781400
-781032
-780984
-781124
-781092
-781120
-781060
-781048
-781136
-781108
-781176
-781244
-781240
-781124
-781076
-781072
-781096
-781000
-780968
-781012
-781088
-780920
-781052
-780908
-781168
-781208
-781276
-781244
-781324
-781320
-781184
-781104
-781048
-780976
-780920
-780988
-781052
-781056
-780992
-780988
-780956
-780876
-780788
-780688
-780648
-780608
-780644
-780848
-780904
-781016
-780804
-781124
-781040
-781124
-781308
-781304
-781416
-781528
-781684
-781592
-781592
-781652
-781596
-781572
-781652
-781772
-781648
-781736
-781956
-782044
-782060
-782084
-782132
-782020
-781988
-782028
-781956
-781836
-781880
-781948
-781992
-782056
-781948
-782200
-782144
-782292
-782304
-782368
-782284
-782372
-782332
-782388
-782604
-782568
-782560
-782464
-782480
-782408
-782568
-782684
-782812
-782784
-782576
-782568
-782564
-782556
-782616
-782704
-782704
-782728
-782692
-782736
-782844
-782760
-782816
-782840
-782744
-782716
-782724
-782684
-782652
-782604
-782776
-782860
-782788
-782720
-782776
-782656
-782556
-782584
-782456
-782584
-782416
-782472
-782564
-782692
-782844
-782872
-783128
-783020
-782884
-782764
-782664
-782720
-782544
-782476
-782436
-782244
-782288
-782020
-781920
-781884
-781920
-781964
-781916
-781892
-781904
-781724
-781616
-781648
-781728
-781648
-782076
-782108
-782308
-782276
-782228
-782060
-782068
-781948
-781960
-781924
-782008
-781948
-781892
-781952
-781924
-781884
-781936
-782160
-781972
-781884
-781956
-781932
-781940
-781924
-781944
-781816
-782200
-782108
-781944
-782020
-782332
-782336
-782160
-782244
-782156
-782316
-782324
-782184
-782216
-782116
-782200
-782408
-782392
-782236
-782088
-782244
-782236
-782296
-782460
-782564
-782596
-782636
-782576
-782668
-782652
-782780
-782832
-782572
-782612
-782548
-782564
-782420
-782284
-782248
-782344
-782208
-782128
-781996
-781920
-781796
-781760
-781808
-781812
-781832
-781912
-781832
-781868
-781772
-781840
-781848
-781688
-781584
-781588
-781620
-781604
-781520
-781448
-781436
-781528
-781472
-781340
-781632
-781600
-781600
-781632
-781872
-781952
-782020
-781968
-781964
-781980
-781744
-781756
-781852
-781724
-781676
-781708
-781512
-781456
-781712
-781636
-781692
-781388
-781328
-781104
-781080
-780956
-781028
-781080
-780952
-780888
-780924
-781056
-781032
-781028
-781036
-780924
-780928
-781000
-781108
-781092
-781088
-781036
-781028
-780864
-780868
-780920
-780892
-780824
-780840
-780900
-780892
-781268
-781216
-781244
-781336
-781364
-781608
-781772
-781796
-781944
-781956
-781992
-782216
-782272
-782100
-782008
-781932
-782056
-782116
-782228
-782292
-782272
-782180
-782192
-782032
-781916
-781836
-782120
-782204
-782224
-782108
-782176
-782288
-782276
-782428
-782464
-782520
-782524
-782668
-782664
-782728
-782968
-783040
-783036
-783168
-783132
-783252
-783284
-783144
-783244
-783352
-783348
-783252
-783444
-783592
-783568
-783440
-783476
-783540
-783524
-783580
-783656
-783580
-783596
-783508
-783396
-783512
-783860
-783872
-783824
-783832
-784096
-783908
-783896
-783836
-783932
-784024
-783832
-783996
-783892
-783868
-783868
-783820
-783784
-783700
-783816
-783880
-783968
-783916
-784004
-784140
-784108
-784008
-783984
-784112
-784140
-784068
-784252
-784464
-784496
-784500
-784604
-784280
-784212
-784296
-784440
-784428
-784436
-784368
-784372
-784204
-784224
-784312
-784248
-784420
-784504
-784284
-784356
-784276
-784244
-784316
-784292
-784280
-784056
-784116
-784180
-784160
-784072
-784140
-784276
-784160
-784148
-784020
-784040
-783992
-783912
-783788
-783784
-783836
-784056
-783976
-784004
-783996
-783968
-783856
-783996
-783944
-784016
-783952
-783952
-783960
-783848
-783808
-783752
-783772
-783688
-783596
-783912
-783928
-783940
-783916
-783876
-783952
-783908
-783988
-783884
-783616
-783664
-783656
-783800
-783652
-783500
-783088
-783200
-783192
-783200
-783104
-783168
-783248
-783312
-783352
-783196
-783060
-782864
-782896
-782948
-783200
-783144
-782892
-782720
-782544
-782588
-782584
-782524
-782604
-782480
-782484
-782680
-782700
-782688
-782496
-782592
-782520
-782492
-782472
-782484
-782384
-782152
-782232
-782216
-782184
-782192
-782140
-782136
-782480
-782580
-782416
-782388
-782108
-782088
-782192
-782284
-782296
-782272
-782348
-782156
-782284
-782216
-782424
-782592
-782320
-782208
-782280
-782236
-782196
-782204
-782228
-782084
-782140
-782228
-782416
-782256
-782132
-782144
-782216
-782340
-782344
-782312
-782508
-782396
-782388
-782348
-782248
-782124
-782088
-782108
-782272
-782344
-782508
-782380
-782384
-782516
-782424
-782548
-782456
-782396
-782296
-782368
-782144
-782120
-782136
-782064
-782172
-782284
-782400
-782428
-782612
-782548
-782740
-782612
-782604
-782660
-782596
-782648
-782528
-782568
-782584
-782704
-782416
-782300
-782400
-782200
-782240
-782360
-782424
-782252
-782232
-782300
-782324
-782488
-782760
-782732
-782660
-782920
-782920
-782912
-782768
-782824
-782876
-782820
-782860
-782820
-782740
-782688
-782820
-782712
-782904
-782924
-782836
-782804
-782676
-783084
-783080
-783276
-783200
-783524
-783540
-783344
-783544
-783708
-783788
-783744
-783728
-783640
-783784
-783848
-783972
-783820
-783952
-783772
-783744
-783780
-783752
-783880
-783840
-783852
-783808
-783832
-783876
-783956
-783900
-783980
-783988
-783984
-783912
-783976
-783976
-783888
-783892
-783960
-784084
-784076
-784152
-784148
-784220
-784524
-784484
-784536
-784700
-784720
-784848
-784900
-784956
-784964
-785028
-785060
-785052
-784984
-784912
-784968
-784916
-784976
-784960
-784920
-785000
-785288
-785304
-785372
-785356
-785496
-785604
-785720
-785752
-785652
-785608
-785584
-785496
-785448
-785524
-785308
-785264
-785024
-784920
-785004
-785132
-785208
-785184
-785340
-785232
-785244
-785180
-785332
-785268
-785436
-785472
-785372
-785380
-785372
-785404
-785244
-785060
-785204
-785424
-785576
-785704
-785728
-785756
-785740
-785796
-785732
-785876
-785772
-785752
-786032
-786024
-785820
-785740
-785640
-785628
-785616
-785680
-785724
-785684
-785800
-785680
-785676
-785588
-785668
-785580
-785732
-785864
-785904
-786040
-786032
-786008
-786112
-786236
-786268
-786256
-786204
-786284
-786240
-786388
-786356
-786404
-786444
-786428
-786556
-786696
-786760
-786784
-786808
-786792
-786416
-786328
-786460
-786432
-786168
-786032
-786024
-785836
-785824
-785644
-785620
-785688
-785676
-785780
-785632
-785628
-785568
-785604
-785388
-785448
-785576
-785648
-785648
-785592
-785580
-785456
-785316
-785380
-785412
-785384
-785112
-784960
-784900
-784936
-784836
-784628
-784620
-784924
-785036
-785316
-785492
-785524
-785524
-785484
-785452
-785388
-785400
-785340
-785400
-785540
-785548
-785576
-785476
-785472
-785552
-785432
-785452
-785332
-785296
-785340
-785344
-785344
-785456
-785488
-785596
-785564
-785428
-785428
-785456
-785408
-785468
-785732
-785672
-785660
-785768
-785812
-785904
-785916
-785952
-786040
-786004
-785928
-785908
-785772
-785812
-785856
-786000
-786004
-786036
-786000
-786052
-786300
-786196
-786140
-786096
-786240
-786336
-786456
-786776
-786732
-786664
-786540
-786532
-786620
-786588
-786600
-786700
-786668
-786756
-786720
-786960
-786736
-786812
-786916
-786912
-786924
-787036
-786816
-786896
-786892
-786992
-787012
-786960
-787000
-786928
-787028
-787088
-786880
-786888
-787060
-786808
-786644
-786716
-786608
-786536
-786860
-786840
-786884
-787096
-787112
-787092
-787116
-787032
-786920
-786876
-786868
-786860
-786900
-786752
-786672
-786384
-786380
-786348
-786284
-786212
-786348
-786308
-786312
-785884
-785976
-785992
-785948
-785872
-785796
-785672
-785768
-785680
-785524
-785572
-785464
-785344
-785292
-785060
-785152
-785060
-785004
-784936
-784856
-784884
-784836
-784800
-784564
-784612
-784596
-784500
-784516
-784612
-784620
-784684
-784692
-784808
-784864
-784712
-784844
-785004
-785048
-785300
-785392
-785156
-785252
-785276
-785148
-785220
-785420
-785328
-785388
-785524
-785532
-785488
-785448
-785520
-785440
-785344
-785460
-785472
-785416
-785396
-785472
-785312
-785296
-785276
-785052
-785012
-784916
-784936
-784980
-785128
-785000
-785088
-784904
-784884
-784896
-785072
-785256
-785172
-785200
-785216
-785228
-785304
-785396
-785264
-785392
-785380
-785292
-785396
-785416
-785440
-785444
-785440
-785392
-785300
-785456
-785496
-785632
-785592
-785584
-785380
-785360
-785352
-785384
-785220
-785108
-785260
-785304
-785208
-785248
-785208
-785136
-785048
-785020
-785172
-785144
-785164
-785248
-785176
-785268
-785332
-785456
-785308
-785308
-785416
-785440
-785548
-785696
-785688
-785756
-785744
-785732
-785708
-785700
-785600
-785548
-785628
-785592
-785572
-785588
-785672
-785728
-785656
-785516
-785596
-785636
-785684
-785732
-785796
-785752
-785908
-786040
-785976
-786016
-785924
-785976
-785916
-785948
-785972
-785992
-786192
-786416
-786312
-786472
-786520
-786508
-786444
-786636
-786416
-786080
-786296
-785988
-785920
-786180
-786196
-786184
-786308
-786340
-786324
-786180
-786152
-786216
-786424
-786436
-786480
-786636
-786508
-786536
-786476
-786592
-786472
-786600
-786524
-786212
-786116
-786056
-785952
-785932
-785860
-785792
-785880
-785832
-785652
-785540
-785708
-785792
-785844
-785960
-785932
-785940
-786104
-785580
-785512
-785288
-785300
-785192
-785272
-785380
-785492
-785488
-785448
-785240
-785244
-785176
-785104
-784988
-784904
-785008
-784924
-784956
-784940
-784924
-784868
-784988
-784976
-785000
-784936
-785024
-784996
-784992
-785068
-785120
-785092
-785144
-785128
-785200
-785144
-785284
-785420
-785428
-785208
-785276
-785348
-785324
-785256
-785328
-785288
-785388
-785456
-785432
-785376
-785316
-785520
-785492
-785512
-785508
-785476
-785504
-785632
-785532
-785480
-785408
-785240
-785208
-785088
-784912
-784916
-784852
-784688
-784748
-784728
-784804
-784872
-784828
-784832
-784772
-784788
-784968
-785072
-784956
-784948
-784836
-784832
-784904
-784780
-784836
-784828
-784748
-784676
-784604
-784656
-784676
-784644
-784624
-784768
-784780
-784696
-784724
-784580
-784228
-784240
-784156
-784256
-784276
-784280
-784332
-784464
-784448
-784488
-784652
-784704
-784592
-784536
-784464
-784460
-784684
-784708
-784836
-784860
-784932
-784628
-784504
-784556
-784808
-785068
-784904
-784844
-784836
-784760
-784908
-784816
-784784
-784764
-784764
-784788
-784948
-784880
-785072
-785120
-785208
-785112
-785188
-785156
-785024
-785200
-785188
-785416
-785340
-785388
-785488
-785280
-785176
-785024
-785036
-785084
-785140
-785112
-785032
-785032
-784896
-784876
-784684
-784712
-784792
-784688
-784632
-784544
-784620
-784616
-784464
-784448
-784328
-784248
-784096
-783924
-784004
-783976
-783904
-783912
-783860
-783812
-783820
-783816
-783712
-783804
-783812
-783780
-783728
-783684
-783676
-783508
-783656
-783696
-783652
-783776
-784080
-784108
-784248
-784220
-784268
-784316
-784224
-784448
-784384
-784580
-784612
-784544
-784500
-784508
-784380
-784384
-784348
-784284
-784292
-784708
-784668
-784784
-784892
-784816
-784848
-784624
-784624
-784760
-784776
-784780
-784660
-784800
-784848
-784992
-784972
-784788
-784772
-784704
-784624
-784564
-784480
-784756
-784568
-784352
-784304
-784352
-784404
-784456
-784380
-784392
-784504
-784560
-784588
-784680
-784676
-784708
-784900
-784784
-784852
-784792
-784732
-784700
-784988
-784976
-785112
-785320
-785360
-785552
-785716
-785676
-785644
-785524
-785360
-785268
-785192
-785244
-785264
-785212
-785128
-785112
-785320
-785464
-785392
-785240
-785168
-785352
-785344
-785312
-785236
-785456
-785380
-785260
-785308
-785308
-785296
-785348
-785348
-785360
-785476
-785552
-785604
-785496
-785548
-785540
-785496
-785592
-785688
-785588
-785640
-785476
-785520
-785452
-785472
-785296
-785592
-785628
-785536
-785636
-785608
-785584
-785532
-785344
-785548
-785544
-785528
-785560
-785620
-785572
-785616
-785500
-785384
-785448
-785412
-785472
-785112
-785092
-785068
-785188
-785332
-785428
-785484
-785412
-785368
-785352
-785236
-785216
-785160
-785056
-785116
-784940
-784992
-785048
-785116
-785080
-785012
-784980
-785008
-784812
-784756
-784752
-784764
-784564
-784592
-784596
-784552
-784596
-784632
-784676
-784872
-784812
-784888
-784940
-784936
-784884
-784724
-784716
-784688
-784720
-784688
-784712
-784668
-784704
-784824
-784800
-784756
-784760
-784828
-784940
-784896
-785060
-784888
-784800
-784904
-784848
-784712
-784844
-784968
-784852
-785056
-785144
-785028
-785096
-785068
-785032
-784840
-784796
-784952
-785136
-785180
-785080
-785072
-784996
-784648
-784552
-784568
-784532
-784480
-784576
-784480
-784704
-784828
-784872
-784972
-784988
-785068
-785316
-785388
-785348
-785460
-785748
-785848
-785628
-785564
-785608
-785912
-785980
-786084
-786492
-786468
-786668
-786684
-786712
-786572
-786624
-786512
-786360
-786068
-785996
-785936
-785972
-786120
-786144
-786168
-786100
-785996
-786008
-785928
-785908
-785840
-785776
-785756
-785804
-785964
-785736
-785800
-785776
-785672
-785752
-785688
-786016
-786136
-786264
-786408
-786384
-786276
-786256
-786088
-785984
-785908
-785928
-786048
-786012
-786056
-786080
-786056
-785980
-786196
-786044
-786100
-786064
-786156
-786220
-786236
-786304
-786252
-786184
-786156
-786144
-786212
-786188
-786280
-786392
-786276
-786272
-786348
-786132
-786152
-786144
-786200
-785956
-785928
-786140
-786336
-786384
-786336
-786564
-786336
-786404
-786452
-786552
-786564
-786568
-786608
-786780
-786564
-786560
-786616
-786496
-786428
-786416
-786288
-786468
-786452
-786388
-786328
-786500
-786524
-786628
-786628
-786652
-786388
-786428
-786456
-786448
-786296
-786200
-786084
-785912
-785904
-785868
-785992
-786028
-786052
-786108
-786148
-785984
-786116
-786224
-786220
-786424
-786300
-786228
-786192
-786200
-786236
-786260
-786320
-786304
-786256
-786292
-786536
-786496
-786488
-786492
-786500
-786580
-786688
-786836
-786820
-786824
-786780
-786808
-786796
-786872
-786964
-786920
-786824
-786812
-786876
-786920
-786792
-786652
-786560
-786620
-786716
-786848
-786852
-786892
-786760
-786796
-786728
-786724
-786644
-786620
-786636
-786860
-786824
-786884
-787056
-787072
-787140
-787152
-787120
-787128
-787020
-787048
-787060
-787092
-787108
-786832
-786996
-786996
-786972
-787064
-787124
-787000
-786972
-786972
-787052
-787000
-786952
-787108
-787116
-786944
-786856
-786880
-786916
-786908
-787080
-787056
-786992
-786916
-786944
-786924
-786864
-786816
-786716
-786644
-786760
-786536
-786652
-786584
-786552
-786524
-786580
-786428
-786424
-786256
-786248
-786292
-786172
-786088
-786152
-786236
-786300
-786348
-786196
-786220
-786312
-786248
-785940
-785996
-786108
-786152
-786304
-786236
-786224
-786196
-786152
-786032
-785880
-785932
-785956
-786032
-785976
-786068
-785968
-785908
-785740
-785728
-785860
-785816
-785888
-785944
-785960
-785864
-785936
-785756
-785736
-785804
-785884
-785964
-786108
-785664
-785656
-785640
-785720
-785716
-785436
-785284
-785160
-785160
-785152
-784960
-785080
-784996
-785032
-784916
-784832
-784772
-784748
-784972
-784940
-785148
-785292
-785316
-785284
-785188
-785268
-785272
-785332
-785260
-785316
-785080
-785144
-785432
-785384
-785436
-785324
-785260
-784972
-784968
-785004
-784868
-784788
-784844
-784984
-784864
-784880
-784656
-784756
-784724
-784820
-784820
-784792
-784784
-784760
-784680
-784852
-785044
-784976
-784984
-785132
-785248
-785312
-785200
-785112
-785260
-785220
-785372
-785248
-785316
-785252
-785192
-785152
-785020
-784792
-784752
-784800
-784804
-784664
-784644
-784592
-784536
-784644
-784740
-784628
-784688
-784792
-784868
-784792
-784752
-784732
-784804
-784896
-784860
-784716
-784680
-784840
-784760
-784896
-784960
-784896
-784884
-784876
-784964
-785012
-785056
-785184
-785372
-785496
-785404
-785416
-785520
-785452
-785476
-785400
-785292
-785280
-785484
-785756
-785764
-785592
-785552
-785572
-785744
-785584
-785600
-785508
-785668
-785760
-785700
-785336
-785228
-785144
-785148
-785224
-785204
-785084
-785204
-785224
-785196
-785308
-785188
-785260
-785372
-785180
-785168
-785136
-785176
-785300
-785312
-785428
-785384
-785296
-785308
-785020
-784644
-784560
-784556
-784640
-784512
-784552
-784548
-784468
-784776
-784804
-784724
-784812
-784752
-784760
-784788
-784744
-784736
-784904
-785008
-784872
-784880
-784864
-784752
-784588
-784636
-784528
-784508
-784396
-784376
-784328
-784096
-783872
-783924
-783888
-783952
-783880
-783668
-783624
-783508
-783528
-783500
-783516
-783540
-783480
-783540
-783616
-783744
-783712
-783696
-783812
-783772
-783864
-783636
-783556
-783412
-783416
-783400
-783236
-782968
-782912
-782824
-782736
-782672
-782492
-782560
-782528
-782504
-782340
-782364
-782304
-782240
-782104
-782212
-782204
-782412
-782484
-782568
-782512
-782424
-782376
-782340
-782368
-782500
-782416
-782356
-782520
-782604
-782748
-782964
-782924
-782968
-783068
-782908
-782808
-782832
-782912
-782852
-782904
-782840
-782816
-782900
-782944
-782932
-782972
-782984
-783016
-782992
-782976
-782940
-782928
-782988
-783004
-782948
-782792
-782792
-782680
-782372
-782384
-782468
-782260
-782340
-782484
-782540
-782648
-782656
-782608
-782576
-782624
-782584
-782620
-782672
-782836
-782944
-783024
-783044
-783072
-783028
-783216
-783384
-783392
-783408
-783428
-783328
-783324
-783296
-783316
-783228
-783352
-783504
-783664
-783752
-783824
-783956
-784112
-784052
-784176
-784088
-783972
-783888
-783916
-783836
-783764
-783816
-783836
-783764
-783884
-783960
-784108
-784236
-784256
-784324
-784372
-784484
-784664
-784752
-784864
-784868
-784908
-784868
-784876
-785028
-785188
-785248
-785184
-785120
-785148
-784988
-784952
-784912
-784944
-785104
-785140
-785140
-784896
-784688
-784700
-784780
-784888
-784992
-785056
-785024
-785008
-784948
-784908
-784788
-784764
-784860
-784832
-784868
-784972
-784988
-784952
-784876
-784992
-784908
-784856
-784916
-784968
-784976
-785008
-784980
-784980
-785056
-785192
-784972
-785036
-785100
-785180
-785128
-785120
-784956
-785036
-785124
-785056
-785308
-785288
-785320
-784980
-784968
-785088
-785060
-785004
-784912
-785040
-785020
-784832
-784796
-784668
-784964
-784856
-784852
-784744
-784688
-784724
-784680
-784444
-784372
-784492
-784404
-784380
-784336
-784164
-784112
-784140
-783856
-784016
-784132
-784240
-784188
-784132
-784048
-783968
-783860
-783904
-784196
-784208
-784432
-784404
-784624
-784632
-784576
-784708
-784992
-785096
-785200
-785208
-785160
-785260
-785268
-785140
-785144
-785200
-785208
-785080
-784984
-785056
-785056
-785016
-784980
-784884
-784880
-784892
-785112
-785300
-785176
-785204
-785280
-785184
-785140
-785048
-785076
-785276
-785224
-785240
-785188
-785164
-785060
-785288
-785324
-785312
-785260
-785232
-785288
-785316
-785284
-785368
-785432
-785428
-785564
-785544
-785556
-785624
-785632
-785676
-785616
-785680
-785732
-785756
-785716
-785648
-785720
-785784
-785848
-785840
-785936
-786116
-785980
-785828
-785804
-785832
-785820
-785836
-785888
-785892
-786008
-786040
-785944
-785932
-785984
-786032
-786260
-786340
-786424
-786324
-786316
-786212
-786064
-786052
-786048
-785952
-786040
-786032
-785956
-785836
-785912
-785932
-785952
-785812
-785868
-785736
-785804
-785316
-785348
-785456
-785692
-785784
-785792
-785860
-785844
-785696
-785588
-785620
-785652
-785648
-785640
-785636
-785588
-785504
-785468
-785500
-785428
-785392
-785408
-785608
-785608
-785644
-785604
-785580
-785568
-785552
-785624
-785512
-785468
-785684
-785760
-785704
-785752
-785772
-785816
-785856
-785820
-785900
-785716
-785664
-785684
-785744
-785416
-785360
-785312
-785192
-784968
-784940
-784852
-784864
-784844
-784924
-785108
-785172
-785028
-785000
-785056
-785324
-785412
-785484
-785528
-785256
-785288
-785400
-785388
-785452
-785376
-785396
-785524
-785556
-785588
-785632
-785640
-785660
-785696
-785756
-785812
-785524
-785556
-785536
-785420
-785524
-785580
-785652
-785568
-785392
-785332
-785300
-785336
-785344
-785192
-785036
-785032
-784900
-785228
-785308
-785464
-785484
-785544
-785496
-785476
-785600
-785512
-785620
-785248
-785228
-785184
-785128
-785044
-784988
-784980
-785032
-785000
-784920
-784720
-784620
-784528
-784684
-784600
-784568
-784588
-784512
-784488
-784480
-784456
-784400
-784472
-784420
-784432
-784548
-784604
-784536
-784588
-784536
-784496
-784428
-784604
-784472
-784460
-784488
-784472
-784356
-784292
-784372
-784316
-784532
-784408
-784440
-784652
-784636
-784544
-784352
-784384
-784348
-784364
-784288
-784400
-784400
-784472
-784476
-784312
-784352
-784256
-784424
-784408
-784332
-784284
-784208
-784220
-784168
-784296
-784216
-784312
-784212
-784176
-784236
-784188
-784012
-784000
-783932
-784040
-784100
-784140
-784168
-784048
-784116
-784060
-783984
-784096
-784376
-784384
-784388
-784404
-784420
-784552
-784652
-784728
-784860
-784896
-784740
-784856
-784680
-784604
-784796
-784592
-784460
-784576
-784500
-784460
-784412
-784336
-784416
-784352
-784048
-783996
-783880
-783912
-783712
-783652
-783620
-783764
-783744
-783764
-783704
-783684
-783720
-783768
-783660
-783604
-783488
-783428
-783536
-783536
-783656
-783576
-783384
-783428
-783508
-783548
-783624
-783692
-783688
-783812
-783808
-784028
-783960
-783948
-784132
-784148
-784128
-784168
-784236
-784252
-784224
-784156
-784120
-784016
-784256
-784332
-784276
-784256
-784188
-784216
-784120
-784100
-784132
-784192
-784132
-784060
-784076
-784168
-784176
-783896
-783776
-783776
-783640
-783472
-783384
-783280
-783216
-783236
-783456
-783408
-783332
-783224
-783252
-783424
-783400
-783432
-783476
-783376
-783368
-783312
-783288
-783060
-783148
-783056
-783052
-783064
-782960
-782912
-782840
-782928
-782988
-783012
-783008
-783072
-783076
-783024
-782952
-782972
-782988
-782904
-782952
-782900
-782872
-782824
-782828
-782744
-782720
-782680
-782436
-782476
-782472
-782360
-782128
-782020
-782016
-782064
-781884
-781764
-782000
-782004
-782012
-782020
-781900
-781916
-782040
-782052
-782068
-782196
-782116
-782184
-782256
-782264
-782348
-782372
-782520
-782500
-782536
-782560
-782524
-782384
-782440
-782544
-782564
-782656
-782752
-782764
-782848
-782848
-782924
-782784
-782844
-782804
-782636
-782648
-782616
-782464
-782472
-782484
-782496
-782380
-782440
-782476
-782408
-782560
-782504
-782544
-782604
-782620
-782636
-782812
-782628
-782628
-782600
-782628
-782684
-782568
-782496
-782380
-782216
-782272
-782372
-782440
-782464
-782380
-782568
-782720
-782580
-782860
-782912
-782896
-783292
-783460
-783464
-783392
-783520
-783552
-783484
-783280
-783208
-782976
-782944
-783124
-783032
-783020
-783156
-783112
-783024
-783124
-783144
-783252
-783260
-783380
-783356
-783440
-783196
-783120
-783144
-783372
-783380
-783356
-783436
-783408
-783216
-783276
-783156
-783276
-783272
-783284
-783288
-783120
-783036
-783144
-783200
-783188
-783140
-783164
-783256
-783256
-783220
-783240
-783048
-783116
-783212
-783360
-783496
-783508
-783536
-783572
-783172
-782956
-782916
-782912
-782960
-783056
-783236
-783144
-783036
-782976
-783028
-783172
-783188
-783136
-783224
-783348
-783272
-783308
-783524
-783424
-783404
-783432
-783344
-783148
-783148
-783204
-783188
-783188
-783340
-783352
-783324
-783380
-783388
-783368
-783352
-783224
-783240
-783236
-783140
-783148
-783092
-783068
-783108
-783100
-782820
-782824
-782988
-782892
-782848
-782828
-782836
-782732
-782548
-782424
-782300
-782224
-782440
-782400
-782728
-782596
-782372
-782356
-782516
-782744
-782804
-782764
-782960
-782984
-782956
-783028
-783012
-782980
-783048
-783004
-782920
-783016
-782908
-782840
-782892
-782856
-782892
-782932
-782916
-782960
-782992
-783088
-783040
-783188
-783324
-783316
-783204
-783132
-783216
-783160
-783180
-782992
-782988
-782940
-783116
-783124
-783012
-782972
-783076
-783076
-783048
-783300
-783244
-783228
-783156
-783016
-783072
-783136
-783084
-783144
-783268
-783264
-783288
-783328
-783344
-783332
-783328
-783300
-783460
-783484
-783496
-783392
-783316
-783312
-783372
-783352
-783396
-783424
-783436
-783476
-783576
-783520
-783476
-783396
-783432
-783356
-783288
-783312
-783140
-783000
-783236
-783496
-783488
-783396
-783336
-783332
-783600
-783716
-783496
-783372
-783416
-783440
-783444
-783356
-783424
-783368
-783232
-783288
-783220
-783148
-783284
-783340
-783368
-783428
-783408
-783344
-783456
-783336
-783412
-783180
-783176
-783260
-783144
-783176
-783324
-783256
-783244
-783120
-783116
-783092
-783124
-783124
-783260
-783204
-783316
-783272
-783364
-783584
-783776
-783880
-783672
-783632
-783636
-783492
-783404
-783428
-783412
-783352
-783372
-783428
-783464
-783364
-783404
-783440
-783512
-783580
-783640
-783592
-783488
-783380
-783324
-783240
-783360
-783288
-783224
-783388
-783380
-783804
-783860
-783784
-783748
-783676
-783672
-783748
-783760
-783796
-783676
-783520
-783400
-783432
-783428
-783416
-783428
-783428
-783484
-783528
-783860
-783848
-783808
-783924
-784084
-784092
-784056
-783972
-783904
-783844
-783824
-783948
-783956
-783720
-783696
-783392
-783368
-783340
-783420
-783492
-783540
-783564
-783656
-783564
-783488
-783352
-783464
-783556
-783564
-783560
-783428
-783420
-783672
-783788
-783748
-783904
-784148
-784208
-784204
-784172
-784168
-784104
-784052
-784040
-783984
-783916
-784116
-783940
-783944
-783900
-783816
-783928
-783996
-783952
-783932
-783872
-783824
-783744
-783700
-783672
-783864
-783912
-783900
-784120
-784256
-784100
-784068
-784000
-784056
-783984
-783896
-783928
-783924
-783960
-783940
-783916
-784056
-784192
-784024
-784216
-783912
-783780
-783760
-783696
-783692
-783664
-783744
-783708
-783596
-783516
-783604
-783644
-783568
-783644
-784060
-784232
-784016
-784112
-784288
-784272
-784304
-784344
-784528
-784576
-784556
-784720
-784820
-784744
-784532
-784508
-784356
-784364
-784304
-784364
-784488
-784416
-784452
-784372
-784440
-784440
-784484
-784264
-784252
-784276
-784296
-784188
-784236
-784328
-784364
-784516
-784380
-784504
-784600
-784632
-784728
-784748
-784684
-784656
-784696
-784796
-784864
-784732
-784740
-785208
-785164
-785176
-785160
-785092
-785040
-785056
-785136
-785120
-785276
-785196
-785228
-785380
-785420
-785668
-785792
-785820
-785876
-786112
-786088
-786036
-785988
-786100
-786084
-786052
-786116
-786132
-786188
-786464
-786424
-786552
-786756
-786892
-786776
-786756
-786920
-787020
-787048
-786956
-786932
-786944
-787036
-787088
-787124
-787040
-787148
-787116
-787036
-787024
-786964
-786908
-786828
-786848
-786456
-786452
-786528
-786584
-786540
-786552
-786532
-786492
-786488
-786572
-786668
-786628
-786508
-786476
-786612
-786792
-786656
-786648
-786696
-786520
-786404
-786416
-786388
-786328
-786348
-786372
-786388
-786432
-786548
-786416
-786568
-786624
-786636
-786524
-786732
-786712
-786660
-786744
-786736
-786780
-786528
-786484
-786520
-786664
-786592
-786700
-786640
-786648
-786604
-786540
-786340
-786196
-786244
-786352
-786492
-786372
-786432
-786324
-786208
-786360
-786380
-786368
-786372
-786424
-786424
-786456
-786528
-786400
-786184
-786276
-786244
-786164
-786084
-785868
-785844
-785744
-785620
-785484
-785508
-785556
-785424
-785480
-785548
-785360
-785440
-785448
-785520
-785412
-785472
-785716
-785772
-785624
-785892
-785956
-786048
-785732
-785720
-785804
-785892
-785876
-785736
-785596
-785484
-785560
-785556
-785660
-785696
-785616
-785540
-785504
-785648
-785416
-785420
-785464
-785360
-785224
-785184
-785136
-785160
-785076
-784860
-784860
-785036
-785008
-785008
-785280
-785232
-785240
-784900
-785004
-784956
-785084
-785152
-785112
-785144
-785268
-785208
-785232
-785084
-785040
-784984
-784852
-784972
-784948
-784936
-784916
-784984
-784904
-784796
-784884
-784964
-784832
-784756
-784680
-784608
-784592
-784712
-784772
-784852
-784832
-784656
-784744
-784952
-784964
-785024
-784652
-784636
-784628
-784752
-784748
-784792
-784424
-784496
-784320
-784200
-784324
-784236
-784312
-784504
-784508
-784584
-784568
-784552
-784548
-784568
-784532
-784552
-784584
-784516
-784484
-784580
-784524
-784504
-784436
-784408
-784320
-784188
-784280
-784440
-784608
-784548
-784524
-784480
-784524
-784632
-784500
-784384
-784484
-784460
-784520
-784644
-784552
-784484
-784496
-784604
-784680
-784744
-784528
-784492
-784372
-784532
-784400
-784512
-784344
-784328
-784300
-784208
-784236
-784240
-784248
-784356
-784768
-784680
-784604
-784356
-784376
-784268
-784196
-784080
-783892
-784148
-784112
-784180
-784156
-784188
-784216
-784224
-784080
-784052
-784096
-784144
-784148
-784152
-784192
-784248
-784276
-784404
-784340
-784368
-784440
-784440
-784404
-784468
-784236
-784244
-784316
-784344
-784384
-784364
-784276
-784320
-784212
-784208
-784252
-784248
-784264
-784100
-784024
-784140
-784248
-784324
-784264
-784316
-784384
-784416
-784484
-784504
-784620
-784616
-784620
-784612
-784560
-784616
-784580
-784604
-784640
-784672
-784540
-784528
-784548
-784688
-784760
-784824
-784968
-784912
-784944
-784936
-785088
-785056
-785108
-785096
-785080
-785068
-785024
-784804
-784848
-784760
-784748
-784904
-784768
-784708
-784732
-784484
-784540
-784468
-784408
-784324
-784312
-784268
-784224
-784112
-783792
-783732
-783640
-783584
-783360
-783576
-783548
-783420
-783336
-783420
-783424
-783212
-783260
-783320
-783160
-783016
-782964
-783080
-783068
-783088
-783112
-782856
-782824
-782668
-782696
-782660
-782788
-782868
-783068
-782936
-783008
-782784
-782788
-782928
-783156
-783136
-783260
-783104
-783204
-783120
-783104
-783140
-782932
-782824
-783104
-783112
-782952
-782904
-783104
-783232
-783116
-783136
-783120
-783412
-783336
-783328
-783228
-783300
-783448
-783332
-783224
-783164
-783104
-782980
-783024
-783044
-783248
-783484
-783492
-783480
-783248
-783188
-783320
-783344
-783312
-783520
-783512
-783416
-783440
-783328
-783448
-783460
-783552
-783540
-783652
-783408
-783156
-783300
-783352
-783560
-783520
-783548
-783480
-783436
-783544
-783408
-783416
-783528
-783660
-783588
-783584
-783624
-783448
-783528
-783528
-783380
-783364
-783384
-783332
-783252
-783144
-783064
-783152
-783168
-783320
-783308
-783268
-783284
-783256
-783180
-783240
-783328
-783296
-783276
-783304
-783332
-783396
-783428
-783688
-783656
-783632
-783728
-783672
-783624
-783700
-783524
-783508
-783448
-783584
-783684
-783712
-784008
-784028
-784084
-784232
-784136
-784048
-783280
-783380
-784116
-784088
-784076
-784148
-784268
-784160
-784020
-784052
-783900
-783796
-783744
-783788
-783696
-783608
-783708
-783784
-783892
-783952
-784004
-784024
-783956
-783976
-783932
-783972
-783892
-783880
-783928
-783792
-783884
-783864
-784068
-784072
-783996
-784064
-783980
-783956
-784032
-784044
-783992
-784092
-783968
-784108
-783832
-783752
-783684
-783604
-783724
-783720
-783772
-783820
-783692
-783608
-783496
-783444
-783336
-783244
-783164
-783024
-782968
-782976
-782976
-782824
-782864
-782876
-782836
-782880
-782836
-783088
-783044
-783108
-783068
-783116
-783144
-783160
-783108
-783208
-783204
-783396
-783456
-783416
-783316
-783304
-783384
-783392
-783372
-783452
-783336
-783568
-783736
-783572
-783376
-783264
-783272
-783280
-783296
-783268
-783324
-783464
-783428
-783424
-783320
-783364
-783468
-783456
-783460
-783140
-783116
-783084
-783412
-783344
-783468
-783268
-783312
-783288
-783356
-783168
-783164
-783376
-783320
-783256
-783280
-783284
-783316
-783432
-783592
-783504
-783376
-783384
-783448
-783544
-783468
-783348
-783496
-783520
-783688
-783736
-783784
-783764
-783656
-783680
-783684
-783836
-783944
-783988
-783996
-783940
-783876
-783864
-783988
-783872
-783964
-783988
-784044
-783936
-784108
-784160
-784064
-784028
-783880
-783768
-783964
-784024
-783924
-783816
-783740
-783692
-783680
-783564
-783568
-783520
-783448
-783464
-783524
-783696
-783780
-783856
-783800
-783852
-783896
-784216
-784012
-784080
-784060
-784068
-784000
-784124
-784004
-783976
-784040
-784048
-784172
-784180
-784004
-784032
-784268
-784272
-784344
-784312
-784200
-784032
-784108
-784088
-784020
-784028
-784008
-784012
-784044
-784088
-784000
-784036
-784000
-784032
-784128
-784300
-784096
-784116
-784176
-783888
-784004
-784088
-783972
-783832
-783620
-783540
-783356
-783440
-783548
-783580
-783620
-783556
-783648
-783636
-783516
-783480
-783432
-783376
-783408
-783380
-783276
-783304
-783436
-783344
-783380
-783324
-783348
-783356
-783308
-783212
-783204
-783208
-783240
-783164
-783140
-783020
-782980
-782936
-783068
-783012
-782904
-782976
-783184
-783332
-783264
-783228
-783132
-782836
-782940
-783000
-783148
-783236
-783316
-783020
-783004
-783060
-783148
-783060
-783096
-783204
-783160
-783144
-783252
-783228
-783116
-783112
-782924
-782856
-782712
-782908
-782876
-782844
-782872
-782944
-782948
-782892
-783028
-783024
-782888
-782784
-782880
-782932
-783116
-783184
-783056
-783120
-783096
-782916
-782760
-782800
-782836
-782852
-782916
-782960
-783180
-783160
-782956
-782956
-782892
-782884
-783180
-782972
-782932
-782968
-782920
-782948
-783136
-783276
-783288
-783200
-782888
-782772
-783044
-782940
-782812
-782956
-782900
-782972
-782952
-783060
-783084
-783036
-782872
-782796
-782672
-782548
-782592
-782572
-782700
-782712
-782700
-782716
-782860
-782580
-782572
-782592
-782316
-782448
-782440
-782496
-782544
-782508
-782540
-782652
-782640
-782596
-782612
-782672
-782716
-782660
-782680
-782548
-782632
-782692
-782780
-782552
-782688
-782788
-782836
-782948
-783036
-782712
-782652
-782448
-782620
-782572
-782696
-782704
-782616
-782640
-782584
-782776
-782764
-782728
-782840
-782780
-782808
-782896
-783004
-783012
-783040
-783084
-782996
-782964
-783028
-783024
-782988
-782896
-782964
-782988
-782904
-782920
-782940
-782924
-782912
-782972
-782972
-782972
-783004
-783092
-783392
-783488
-783496
-783476
-783312
-783224
-783040
-782976
-782972
-782868
-783100
-783108
-782972
-783132
-783000
-783112
-783184
-783256
-783316
-783332
-783292
-783188
-783016
-782984
-782996
-782920
-782960
-782980
-783128
-783128
-783256
-783336
-783340
-783316
-783288
-783276
-783300
-783268
-783312
-783512
-783548
-783700
-783784
-783808
-783728
-783588
-783564
-783572
-783228
-783296
-783220
-783248
-783348
-783348
-783100
-782964
-782996
-783020
-783012
-782812
-782644
-782820
-782968
-782928
-782972
-783056
-782916
-782772
-782884
-782884
-782832
-782788
-782804
-782800
-782836
-782776
-782736
-782660
-782768
-782816
-783024
-783024
-782832
-782772
-782892
-782864
-783008
-783040
-783040
-782692
-782740
-782692
-782772
-782792
-782812
-782816
-782740
-782852
-782692
-782532
-782516
-782532
-782484
-782504
-782700
-782916
-782896
-782780
-782760
-782640
-782604
-782724
-782752
-782700
-782612
-782668
-782476
-782492
-782576
-782528
-782556
-782672
-782780
-782784
-782888
-782904
-783020
-782900
-782776
-782752
-782700
-782724
-782672
-782548
-782364
-782420
-782384
-782280
-782220
-782204
-782244
-782260
-782164
-782144
-782140
-782248
-782284
-782500
-782420
-782196
-782368
-782392
-782408
-782456
-782356
-782468
-782640
-782584
-782576
-782664
-782660
-782544
-782552
-782424
-782428
-782444
-782392
-782260
-781996
-781880
-781892
-781672
-781788
-781576
-781484
-781700
-781772
-781880
-781944
-781832
-781980
-781920
-782032
-782148
-782160
-782232
-782180
-782072
-782116
-782140
-782196
-782308
-782208
-782028
-781836
-781804
-781848
-781864
-781884
-782108
-782208
-782176
-782288
-782184
-782152
-782264
-782268
-782228
-782240
-782408
-782340
-782268
-782112
-782028
-781892
-781936
-781924
-781848
-781736
-781728
-781656
-781428
-781344
-781288
-781332
-781588
-781560
-781448
-781432
-781404
-781460
-781308
-781408
-781376
-781308
-781232
-781320
-781340
-781224
-781184
-781212
-781144
-781160
-781084
-780908
-780844
-780840
-780956
-780988
-781064
-780968
-780972
-780972
-780900
-780848
-780832
-780788
-780808
-780728
-780564
-780628
-780624
-780624
-780784
-780780
-780856
-780764
-780820
-780752
-780792
-781020
-780972
-780984
-781004
-781052
-781036
-781084
-780932
-781000
-781192
-781296
-781340
-781324
-781352
-781284
-781344
-781516
-781368
-781292
-781268
-781144
-781036
-781080
-781160
-780948
-781164
-781288
-781384
-781340
-781584
-781528
-781484
-781664
-781460
-781428
-781464
-781400
-781512
-781368
-781416
-781356
-781392
-781456
-781408
-781436
-781348
-781344
-781320
-781260
-781344
-781372
-781340
-781468
-781364
-781316
-781468
-781456
-781572
-781556
-781720
-781784
-781712
-781688
-781496
-781696
-781888
-781888
-781832
-782312
-782356
-782724
-782776
-783028
-782824
-783176
-783100
-782960
-783064
-783176
-783096
-783060
-783040
-782936
-783060
-783040
-783000
-782960
-782948
-782932
-782800
-782896
-783188
-783268
-783348
-783188
-783264
-782872
-782856
-782812
-782924
-782908
-783056
-783304
-783468
-783588
-783416
-783404
-783540
-783424
-783388
-783648
-783476
-783424
-783360
-783384
-783276
-783368
-783332
-783328
-783328
-783396
-783408
-783420
-783524
-783604
-783548
-783568
-783644
-783368
-783512
-783584
-783628
-783664
-783608
-783636
-783652
-783676
-783892
-783812
-783820
-783976
-784048
-783936
-783968
-783920
-784008
-783992
-784040
-783980
-784084
-784124
-784260
-784148
-784144
-783984
-783892
-783832
-783520
-783588
-783420
-783448
-783428
-783600
-783496
-783672
-783832
-783776
-783964
-783980
-783956
-783972
-783912
-784028
-784104
-784124
-784232
-784244
-784292
-784216
-784152
-784076
-784116
-784024
-784092
-784188
-784284
-784244
-784268
-784132
-784120
-784104
-784264
-784468
-784484
-784512
-784468
-784544
-784580
-784552
-784488
-784508
-784564
-784424
-784376
-784428
-784472
-784624
-784636
-784748
-784780
-784764
-784580
-784688
-784728
-784844
-784740
-784788
-784852
-784928
-784932
-785104
-785300
-785348
-785648
-785672
-785624
-785656
-785668
-785656
-785580
-785632
-785496
-785596
-785528
-785468
-785524
-785432
-785488
-785356
-785168
-785196
-785036
-784760
-784744
-784812
-784828
-784680
-784680
-784592
-784616
-785052
-785016
-785052
-784984
-785076
-785008
-784736
-784660
-784704
-784748
-784692
-784660
-784732
-784760
-784948
-784860
-784944
-784916
-784916
-785012
-785004
-785204
-785244
-785316
-785328
-785348
-785432
-785436
-785376
-785268
-785276
-785064
-785092
-785264
-785288
-785316
-785276
-785344
-784960
-784768
-784796
-784692
-784752
-784740
-784752
-784872
-784864
-784776
-784684
-784648
-784708
-784740
-784672
-784596
-784532
-784800
-784792
-784652
-784480
-784460
-784488
-784584
-784708
-784672
-784600
-784512
-784444
-784352
-784428
-784224
-784212
-784208
-784092
-783976
-784048
-783924
-783844
-783920
-783920
-783808
-783708
-783648
-783436
-783276
-783296
-783220
-783328
-783336
-783296
-783384
-783272
-783264
-783088
-783140
-783288
-783204
-783008
-783004
-783040
-783076
-783180
-783092
-783128
-782976
-782852
-782712
-782732
-782688
-782604
-782764
-782696
-782836
-782876
-783004
-782956
-782976
-783056
-783132
-783248
-783236
-783216
-783160
-783196
-783156
-783180
-783232
-783240
-783008
-783020
-783160
-783268
-783336
-783572
-783496
-783424
-783460
-783376
-783424
-783380
-783348
-783204
-783124
-783316
-783308
-783400
-783468
-783524
-783632
-783468
-783400
-783556
-783500
-783472
-783416
-783200
-783228
-783112
-783212
-783128
-783080
-783100
-782936
-782832
-782720
-782668
-782712
-782848
-782908
-782988
-782968
-783076
-783172
-783120
-783080
-783128
-783164
-782996
-783040
-782928
-782984
-783020
-782916
-783040
-783116
-783148
-783220
-783208
-783220
-783076
-783056
-783240
-783340
-783204
-783140
-783260
-783400
-783444
-783736
-783668
-783632
-783560
-783576
-783524
-783520
-783592
-783548
-783604
-783488
-783532
-783620
-783596
-783540
-783420
-783452
-783452
-783200
-783080
-782984
-783000
-782988
-782996
-782996
-783060
-782976
-783052
-782936
-783204
-783352
-783340
-783472
-783512
-783560
-783736
-783720
-783848
-783772
-783864
-783876
-783996
-784080
-784084
-784012
-783812
-783772
-783848
-783736
-783788
-783932
-784044
-784172
-784068
-784024
-784084
-784100
-784092
-784112
-783984
-783996
-784088
-784192
-784104
-784184
-784108
-784160
-784340
-784372
-784436
-784312
-784148
-784140
-784284
-784360
-784128
-784104
-784200
-784340
-784144
-784200
-784168
-784008
-784104
-783848
-783840
-783988
-784144
-784224
-784308
-784336
-784364
-784292
-784288
-784332
-784564
-784448
-784260
-784212
-784224
-784288
-784336
-784228
-784252
-784224
-784216
-783996
-784036
-783956
-783836
-783936
-784060
-784080
-784148
-784104
-784024
-784008
-783900
-783888
-783916
-784020
-783776
-783828
-783780
-783728
-783800
-783896
-783876
-783884
-783928
-783920
-783736
-783872
-783880
-783900
-783896
-783976
-784000
-784012
-784128
-783852
-783876
-783964
-783980
-783972
-784100
-784104
-784072
-784240
-784404
-784452
-784644
-784532
-784524
-784484
-784532
-784452
-784444
-784512
-784660
-784576
-784492
-784568
-784540
-784564
-784652
-784424
-784640
-784796
-784676
-784552
-784332
-784372
-784468
-784628
-784568
-784624
-784592
-784692
-784632
-784580
-784632
-784664
-784676
-784768
-784728
-784576
-784524
-784436
-784276
-784228
-784192
-784024
-784008
-784000
-784068
-783880
-783828
-783800
-783864
-783944
-783828
-784044
-783992
-783988
-783928
-784016
-784248
-784208
-784212
-784180
-784320
-784272
-784008
-784052
-783924
-783792
-783736
-783620
-783356
-783452
-783644
-783564
-783592
-783520
-783524
-783636
-783492
-783416
-783492
-783328
-783532
-783508
-783384
-783300
-783164
-783112
-783176
-783184
-783112
-783152
-783104
-783204
-783192
-783092
-783100
-783244
-783192
-783152
-783108
-783100
-783084
-782948
-782832
-782900
-782896
-782844
-782780
-782884
-782892
-782916
-782848
-782824
-783056
-783064
-782932
-782928
-782892
-783012
-783060
-783056
-783064
-783388
-783532
-783548
-783492
-783428
-783492
-783484
-783432
-783460
-783332
-783312
-783324
-783388
-783436
-783260
-783064
-783036
-782956
-783004
-783064
-783088
-783008
-783012
-782912
-783056
-783084
-783160
-783240
-783268
-783260
-783332
-783368
-783348
-783472
-783496
-783416
-783408
-783452
-783572
-783500
-783824
-783692
-783740
-783772
-783708
-784024
-784008
-784144
-784092
-783840
-783832
-783772
-783684
-783748
-783696
-783532
-783604
-783540
-783544
-783556
-783660
-783560
-783616
-783524
-783596
-783752
-783684
-783656
-783572
-783612
-783580
-783564
-783596
-783516
-783628
-783588
-783532
-783536
-783536
-783544
-783716
-783736
-783720
-783628
-783644
-783480
-783480
-783496
-783364
-783140
-783188
-783356
-783368
-783336
-783256
-783356
-783332
-783092
-783148
-783108
-782960
-783016
-783176
-783052
-783028
-782976
-782960
-782800
-782780
-782796
-782756
-782544
-782432
-782388
-782420
-782384
-782388
-782264
-782336
-782252
-782188
-782156
-782240
-782220
-782420
-782436
-782380
-782500
-782412
-782504
-782512
-782556
-782620
-782608
-782628
-782304
-782160
-782220
-782056
-782196
-782140
-782320
-782336
-782256
-782288
-782312
-782416
-782508
-782416
-782436
-782400
-782320
-782216
-782108
-782200
-782240
-782264
-782196
-782032
-782080
-782084
-782172
-782160
-782044
-782344
-782304
-782140
-782092
-782112
-782020
-782052
-782024
-782116
-782244
-782320
-782240
-782176
-782184
-782172
-782272
-782212
-782164
-782136
-782240
-782328
-782212
-782184
-782124
-782116
-782012
-782084
-781976
-781848
-781728
-781852
-781704
-781496
-781420
-781432
-781276
-781264
-781264
-781324
-781492
-781532
-781484
-781504
-781484
-781404
-781444
-781400
-781384
-781432
-781448
-781460
-781496
-781420
-781492
-781472
-781404
-781492
-781456
-781368
-781340
-781272
-781360
-781100
-781072
-781148
-781152
-781268
-781352
-781416
-781464
-781516
-781692
-781604
-781692
-781700
-781620
-781300
-781284
-781236
-781312
-781492
-781476
-781580
-781640
-781692
-781668
-781664
-782024
-781872
-781788
-781840
-782048
-781984
-781872
-781896
-781840
-781836
-781764
-781664
-781680
-781640
-781664
-781800
-781792
-781824
-781820
-781792
-781656
-781584
-781620
-781772
-781784
-781784
-781444
-781416
-781312
-781400
-781324
-781200
-781176
-781288
-781476
-781328
-781316
-781352
-781424
-781460
-781300
-781292
-781324
-781272
-781340
-781324
-781420
-781192
-781184
-781248
-780908
-780936
-781104
-781100
-781048
-780992
-780656
-780648
-780812
-780924
-780804
-780784
-780972
-780928
-780916
-780848
-780924
-781036
-781056
-781084
-781092
-781196
-781224
-781212
-781152
-781160
-781292
-781196
-781260
-781420
-781424
-781364
-781396
-781408
-781388
-781180
-781496
-781448
-781392
-781472
-781400
-781296
-781316
-781624
-781632
-781788
-781784
-781756
-782016
-782132
-782144
-782088
-781972
-782016
-782032
-781952
-781968
-782012
-781992
-781936
-781676
-781564
-781396
-781380
-781264
-781236
-781188
-781144
-781092
-781108
-781060
-781120
-780988
-781308
-781124
-781200
-781192
-781288
-781260
-781392
-781404
-781496
-781600
-781704
-781500
-781672
-781600
-781544
-781604
-781532
-781552
-781600
-781496
-781488
-781536
-781588
-781812
-781816
-781956
-782008
-781920
-781776
-781728
-781724
-782064
-782052
-782100
-782020
-781764
-782000
-781964
-781900
-782124
-782100
-782244
-782472
-782480
-782184
-782272
-782184
-782164
-782160
-781936
-782036
-782112
-782020
-782068
-781956
-781856
-781872
-781884
-781656
-781632
-781768
-781916
-781724
-781796
-781624
-781632
-781692
-781720
-781764
-781752
-781756
-781996
-782152
-782272
-782304
-782400
-782496
-782512
-782580
-782548
-782592
-782720
-782844
-782856
-782968
-783032
-783048
-783008
-782784
-782736
-782756
-782804
-782908
-782944
-782624
-782672
-782648
-782696
-782640
-782520
-782516
-782540
-782484
-782588
-782600
-782548
-782368
-782512
-782556
-782676
-782808
-782844
-782928
-782972
-782968
-783084
-782976
-782960
-783004
-782936
-783020
-783272
-783424
-783352
-783312
-783060
-782940
-782976
-783128
-783108
-783020
-783108
-783068
-782848
-782736
-782700
-782628
-782712
-782692
-782692
-782732
-782476
-782484
-782360
-782368
-782316
-782408
-782436
-782492
-782504
-782552
-782496
-782408
-782348
-782180
-781888
-781928
-781944
-781896
-781884
-781892
-781780
-781808
-781820
-781756
-781760
-781788
-781780
-781800
-781740
-781768
-781732
-781788
-781836
-781864
-781912
-781960
-781868
-781968
-781924
-782008
-782068
-782032
-781772
-781768
-781824
-781860
-781788
-781592
-781708
-781700
-781732
-781672
-781656
-781788
-781788
-781788
-781912
-781856
-781988
-781832
-781692
-781732
-781828
-781908
-781784
-781892
-781860
-781920
-781860
-781928
-781836
-781740
-781616
-781420
-781452
-781476
-781492
-781428
-781556
-781536
-781644
-781612
-781748
-781728
-781756
-781784
-781952
-781992
-782112
-782028
-781816
-781784
-781636
-781336
-781200
-781116
-781228
-781216
-781168
-781132
-781540
-781536
-781508
-781520
-781564
-781456
-781548
-781444
-781408
-781300
-781288
-781260
-781368
-781380
-781412
-781864
-781952
-781892
-782172
-782320
-782376
-782540
-782492
-782520
-782512
-782504
-782628
-782624
-782676
-782644
-782756
-782668
-782548
-782580
-782452
-782584
-782628
-782732
-783104
-783104
-783056
-782900
-782688
-782632
-782512
-782512
-782760
-782904
-782908
-783004
-783032
-783220
-783112
-783092
-783352
-783396
-783596
-783780
-783776
-783820
-783760
-783736
-783640
-783612
-783580
-783480
-783652
-783748
-783628
-783600
-783596
-783568
-783668
-783568
-783452
-783444
-783668
-783980
-783992
-783944
-783928
-783768
-783636
-783608
-783432
-783524
-783584
-783568
-783388
-783556
-783420
-783544
-783652
-783744
-783748
-783900
-783892
-783808
-783720
-783868
-783708
-783792
-783624
-783532
-783508
-783592
-783420
-783508
-783532
-783420
-783324
-783240
-783028
-783116
-783112
-783084
-782980
-782944
-782948
-782996
-782996
-782860
-782816
-782988
-782888
-782892
-782940
-783000
-783024
-782980
-782976
-782904
-782792
-782668
-782840
-782868
-782760
-782800
-782564
-782728
-782784
-782784
-782732
-782772
-782876
-782840
-782864
-782888
-782828
-782836
-782880
-782972
-782972
-783048
-783052
-782736
-782908
-782864
-782912
-782908
-782888
-782872
-782748
-782848
-782756
-782844
-782744
-782688
-782840
-782884
-782948
-782884
-783196
-783172
-783204
-783204
-783184
-783008
-783004
-783176
-783156
-783020
-783400
-783244
-783268
-783324
-783304
-783112
-783112
-783144
-782984
-782980
-782860
-782952
-782880
-782904
-782880
-782644
-782632
-782568
-782552
-782540
-782560
-782488
-782544
-782560
-782512
-782476
-782672
-782716
-782660
-782780
-782772
-782696
-782732
-782704
-782692
-782668
-782716
-782724
-782552
-782588
-782600
-782448
-782428
-782332
-782392
-782272
-782328
-782432
-782404
-782476
-782516
-782428
-782380
-782512
-782436
-782504
-782560
-782560
-782404
-782324
-782456
-782396
-782348
-782364
-782376
-782392
-782456
-782320
-782276
-782316
-782292
-782232
-782384
-782648
-782740
-782728
-782832
-782812
-782652
-782656
-782692
-782644
-782612
-782484
-782576
-782704
-782760
-782844
-782852
-782856
-782820
-782960
-783004
-783000
-782832
-782736
-782760
-783108
-783104
-783164
-783124
-783140
-783140
-783400
-783448
-783276
-783260
-783188
-783092
-783184
-783132
-783196
-783244
-783256
-783196
-783092
-783132
-783224
-783292
-783336
-783400
-783532
-783500
-783376
-783420
-783448
-783468
-783160
-783056
-783108
-783108
-783132
-782960
-783176
-783084
-783188
-783336
-783408
-783416
-783308
-783460
-783500
-783580
-783736
-783832
-783664
-783716
-783684
-783520
-783428
-783472
-783668
-783864
-783696
-783716
-783496
-783480
-783388
-783360
-783448
-783428
-783520
-783556
-783632
-783384
-783396
-783484
-783572
-783508
-783572
-783748
-783524
-783436
-783612
-783692
-783608
-783512
-783440
-783556
-783564
-783556
-783624
-783708
-783756
-783780
-783540
-783472
-783700
-783824
-783876
-783840
-783896
-783884
-783772
-783736
-783724
-783692
-783600
-783728
-783516
-783444
-783508
-783452
-783456
-783576
-783296
-783272
-783128
-783192
-783156
-783280
-783200
-783208
-783156
-783136
-782972
-782912
-782784
-782748
-782728
-782684
-782536
-782616
-782448
-782292
-782336
-782316
-782380
-782344
-782396
-782284
-782308
-782440
-782388
-782348
-782320
-782248
-782180
-782272
-782280
-782288
-782264
-782320
-782216
-782280
-782548
-782424
-782548
-782400
-782296
-782464
-782520
-782456
-782416
-782356
-782452
-782496
-782668
-782652
-782716
-782740
-782716
-782712
-782672
-782668
-782560
-782620
-782664
-782580
-782668
-782668
-782680
-782860
-782796
-783016
-782816
-782816
-782844
-782844
-782864
-783412
-783532
-783540
-783484
-783524
-783560
-783660
-783648
-783536
-783572
-783608
-783616
-783712
-783644
-783628
-783616
-783732
-783832
-783860
-783912
-783980
-784080
-784216
-784248
-784180
-784348
-784404
-784488
-784404
-784312
-784396
-784404
-784476
-784504
-784576
-784404
-784388
-784424
-784512
-784516
-784596
-784528
-784628
-784632
-784644
-784716
-784644
-784784
-784796
-784616
-784436
-784488
-784604
-784304
-784332
-784336
-784424
-784508
-784468
-784376
-784436
-784448
-784636
-784676
-784756
-784756
-784580
-784556
-784540
-784604
-784360
-784300
-784308
-784296
-784348
-784476
-784240
-784316
-784176
-784196
-784184
-784212
-784072
-784144
-784116
-784236
-784268
-784168
-784132
-784196
-784128
-784060
-783980
-783916
-783828
-783936
-783900
-783892
-784024
-783896
-783820
-783764
-783844
-783932
-783988
-783972
-784012
-783988
-784368
-784356
-784456
-784488
-784500
-784524
-784480
-784528
-784440
-784332
-784228
-784092
-784124
-784036
-784112
-784048
-783956
-783984
-783896
-783960
-784020
-783964
-783936
-783832
-783924
-784000
-784000
-783980
-783784
-783836
-784048
-784008
-783900
-783816
-783800
-783992
-783996
-783900
-783836
-783892
-783924
-783904
-783668
-783548
-783800
-783768
-783628
-783688
-783712
-783648
-783584
-783720
-783792
-783664
-783676
-783768
-783280
-783452
-783484
-783488
-783472
-783340
-783240
-783204
-783172
-783164
-783080
-782912
-782992
-783032
-783044
-782972
-782976
-782900
-783056
-783144
-783252
-783112
-783224
-783164
-783104
-783156
-783164
-783140
-783108
-783192
-783200
-783152
-783096
-783088
-783252
-783340
-783396
-783428
-783356
-783408
-783340
-783344
-783312
-783232
-783204
-782964
-782792
-782892
-782920
-782980
-782892
-782784
-782780
-782744
-782652
-782648
-782584
-782680
-782656
-782676
-782604
-782732
-782748
-782708
-782608
-782580
-782576
-782452
-782500
-782384
-782448
-782392
-782492
-782496
-782404
-782320
-782196
-781880
-781800
-781920
-782024
-781920
-781716
-781632
-781672
-781676
-781796
-781840
-781920
-782024
-781988
-782004
-781832
-781596
-781568
-781628
-781660
-781660
-781548
-781648
-781912
-781816
-781904
-781948
-781824
-781860
-781864
-781992
-782060
-782080
-782088
-781984
-782000
-781988
-781944
-781980
-782048
-781972
-782036
-781988
-781916
-781828
-781820
-781868
-781852
-781804
-781828
-781804
-781852
-781928
-781888
-781972
-781912
-781988
-782036
-782100
-782240
-782216
-782228
-782248
-782188
-782252
-782196
-782316
-782356
-782364
-782520
-782672
-782684
-782892
-782944
-782856
-783108
-783264
-783292
-783436
-783436
-783448
-783428
-783556
-783520
-783540
-783472
-783624
-783604
-783576
-783588
-783688
-783832
-783912
-783848
-783920
-783896
-783824
-783664
-783496
-783716
-783896
-783840
-783804
-783720
-783676
-783564
-783664
-783660
-783656
-783620
-783532
-783600
-783588
-783580
-783664
-783576
-783576
-783572
-783612
-783640
-783628
-783468
-783532
-783656
-783532
-783576
-783596
-783648
-783620
-783600
-783564
-783600
-783308
-783356
-783244
-783160
-783152
-783268
-783464
-783416
-783332
-783360
-783344
-783380
-783420
-783560
-783568
-783480
-783396
-783548
-783676
-783756
-783624
-783880
-784036
-783776
-783600
-783552
-783424
-783596
-783696
-783808
-783832
-783804
-783844
-783860
-783816
-783956
-784028
-783952
-783880
-783916
-783936
-783940
-783892
-783936
-783868
-783920
-783804
-783720
-783976
-784092
-784156
-784216
-784172
-784312
-784236
-784232
-784344
-784140
-784280
-784068
-784172
-784152
-784040
-783960
-784028
-783920
-783752
-783852
-783888
-784000
-784096
-784148
-784176
-784064
-784096
-784080
-784136
-784148
-784256
-784268
-784524
-784632
-784668
-784536
-784532
-784692
-784828
-784812
-784800
-784844
-784792
-784668
-784648
-784640
-784684
-784500
-784216
-784140
-784140
-784108
-784148
-784176
-784188
-784300
-784396
-784508
-784492
-784536
-784548
-784384
-784416
-784436
-784536
-784620
-784592
-784452
-784588
-784568
-784564
-784384
-784480
-784524
-784372
-784276
-784096
-784152
-784096
-784028
-784116
-784104
-784344
-784384
-784332
-784408
-784328
-784324
-784412
-784368
-784440
-784480
-784532
-784588
-784556
-784564
-784508
-784396
-784532
-784508
-784496
-784364
-784280
-784100
-784068
-783868
-783820
-783884
-783732
-783728
-783572
-783524
-783440
-783464
-783572
-783504
-783908
-783832
-783864
-783900
-783944
-784164
-784268
-784368
-784368
-784408
-784480
-784444
-784436
-784408
-784396
-784408
-784428
-784504
-784532
-784656
-784864
-784864
-784924
-784784
-784776
-784692
-784748
-784652
-784532
-784680
-784664
-784468
-784464
-784428
-784464
-784572
-784616
-784772
-784660
-784824
-784928
-784880
-784916
-784892
-784856
-784896
-784900
-784988
-784992
-784852
-784772
-784804
-784820
-785048
-784984
-785020
-784980
-785020
-785068
-785284
-785440
-785440
-785336
-785352
-785292
-785368
-785272
-785164
-785140
-785184
-785252
-785240
-785580
-785072
-785156
-785140
-785128
-785220
-785220
-785140
-785192
-785400
-785432
-785256
-785432
-785648
-785584
-785508
-785604
-785848
-785892
-785788
-785764
-785376
-785432
-785500
-785408
-785364
-785220
-785256
-785160
-785128
-785148
-785064
-784964
-784928
-784676
-784668
-784724
-784556
-784672
-784508
-784504
-784332
-784448
-784468
-784576
-784520
-784544
-784712
-784568
-784544
-784588
-784552
-784848
-784716
-784624
-784796
-784704
-784616
-784660
-784712
-784816
-784820
-784896
-784808
-784876
-784756
-784804
-784828
-784740
-784696
-784696
-784852
-784872
-784792
-784824
-784864
-784956
-784784
-784644
-784676
-784760
-784728
-784740
-784924
-785008
-784924
-784968
-785040
-784972
-784972
-784928
-784964
-784992
-785044
-785076
-785156
-785272
-785224
-785308
-785316
-785476
-785388
-785392
-785352
-785364
-785400
-785244
-784876
-785032
-785032
-785092
-785176
-784892
-784892
-784728
-784760
-784764
-784736
-784620
-784588
-784548
-784460
-784436
-784352
-784284
-784512
-784680
-784720
-784760
-784860
-784676
-784768
-784740
-784780
-784800
-784812
-784836
-784928
-785092
-785100
-785052
-784884
-784932
-784992
-784884
-784912
-784932
-785152
-785056
-785220
-785216
-785128
-785096
-785080
-785132
-785160
-785392
-785384
-785108
-784952
-784884
-784868
-784872
-784840
-784976
-784756
-784740
-784808
-784772
-784708
-784664
-784644
-784796
-784916
-785040
-784944
-784896
-785120
-785252
-785244
-785284
-785192
-785168
-785100
-785236
-785220
-785268
-785280
-785120
-785280
-785348
-785292
-785272
-785260
-785156
-785224
-785248
-785184
-785216
-785136
-785020
-784996
-785004
-784940
-784928
-784784
-784832
-784736
-784788
-784808
-784972
-784940
-785004
-785068
-785152
-785416
-785496
-785488
-785504
-785404
-785432
-785420
-785396
-785356
-785284
-785240
-785320
-785224
-785236
-785184
-785064
-785076
-785204
-784996
-784992
-785180
-785360
-785376
-785268
-785300
-785300
-785072
-785076
-785544
-785604
-785488
-785468
-785492
-785720
-785824
-785800
-785896
-785976
-785692
-785604
-785632
-785936
-785868
-785844
-785896
-785964
-786136
-786148
-786156
-786252
-786272
-786344
-786428
-786280
-786192
-786464
-786416
-786460
-786388
-786400
-786424
-786440
-786572
-786380
-786544
-786496
-786544
-786476
-786544
-786380
-786476
-786540
-786648
-786528
-786608
-786632
-786548
-786488
-786408
-786564
-786584
-786628
-786460
-786352
-786340
-786020
-786144
-786176
-786144
-786172
-786148
-786032
-785836
-785788
-785768
-785752
-785924
-785992
-785988
-785992
-786048
-785796
-785772
-785988
-786024
-786000
-786096
-786032
-785824
-785692
-785660
-785676
-785764
-785728
-785576
-785648
-785632
-785872
-785808
-785560
-785540
-785512
-785340
-785296
-785316
-785324
-785396
-785456
-785408
-785348
-785352
-785388
-785320
-785256
-785336
-785232
-785248
-785220
-785248
-785244
-785272
-785260
-785196
-785124
-785052
-785068
-785028
-784972
-785060
-785024
-785048
-785096
-784960
-784952
-784908
-784952
-784964
-785024
-785048
-784968
-784892
-784808
-784820
-784696
-784636
-784580
-784468
-784744
-784720
-784648
-784628
-784688
-784484
-784488
-784484
-784388
-784604
-784512
-784680
-784640
-784576
-784600
-784636
-784608
-784584
-784688
-784840
-784824
-784828
-784916
-784856
-784908
-785180
-784984
-784828
-784848
-784924
-784952
-785028
-785016
-784868
-784876
-784936
-784932
-784752
-784680
-784600
-784772
-784644
-784532
-784648
-784496
-784344
-784472
-784556
-784560
-784640
-784560
-784444
-784428
-784468
-784352
-784240
-784168
-784136
-784124
-784004
-783912
-784116
-784096
-784192
-784092
-784132
-784256
-784320
-784328
-784304
-784348
-784236
-784012
-783840
-783896
-784124
-784180
-784176
-784324
-784352
-784468
-784512
-784544
-784476
-784500
-784560
-784616
-784484
-784484
-784560
-784464
-784448
-784532
-784564
-784644
-784900
-784728
-784752
-784796
-784892
-785068
-785004
-785020
-785044
-784876
-784824
-784460
-784288
-784468
-784572
-784732
-784836
-784616
-784648
-784608
-784656
-784668
-784668
-784588
-784440
-784368
-784296
-784368
-784252
-784248
-784264
-784280
-784280
-784376
-784408
-784500
-784548
-784540
-784596
-784404
-784436
-784368
-784028
-783948
-783936
-784032
-784252
-784156
-784040
-784012
-784088
-784168
-784080
-783968
-784000
-784068
-784080
-784100
-784104
-784192
-784048
-784092
-783884
-783792
-784076
-784204
-784168
-784220
-784152
-784116
-784244
-784264
-784212
-783924
-783904
-784016
-783956
-783960
-784020
-784020
-783708
-783748
-783692
-783760
-783812
-783824
-783860
-783716
-783676
-783584
-783632
-783624
-783640
-783600
-783584
-783664
-783768
-783856
-783796
-783888
-784024
-783880
-783844
-783640
-783716
-783860
-783932
-784048
-784100
-784020
-784192
-784064
-784200
-784156
-784116
-784144
-784152
-784356
-784408
-784380
-784392
-784444
-784520
-784484
-784564
-784572
-784548
-784424
-784376
-784212
-784276
-784316
-784376
-784360
-784328
-784428
-784444
-784564
-784484
-784456
-784336
-784288
-784164
-784160
-784160
-784148
-784208
-784152
-784176
-784160
-784056
-784116
-784172
-784044
-783992
-783952
-783916
-783936
-784016
-784124
-784128
-784340
-784312
-784304
-784308
-784248
-784312
-784356
-784408
-784564
-784564
-784484
-784560
-784520
-784520
-784336
-784304
-784336
-784272
-784388
-784516
-784464
-784404
-784484
-784480
-784508
-784640
-784532
-784528
-784500
-784524
-784484
-784296
-784176
-784292
-784376
-784296
-784152
-784236
-784300
-784308
-784332
-784232
-783944
-784036
-784096
-783860
-783612
-783464
-783520
-783672
-783628
-783564
-783624
-783452
-783456
-783384
-783320
-783368
-783260
-782972
-783156
-783296
-783168
-783252
-783248
-783136
-783268
-783308
-783356
-783520
-783496
-783544
-783680
-783544
-783584
-783480
-783536
-783704
-783772
-783788
-783812
-783696
-783896
-783756
-783580
-783600
-783360
-783336
-783376
-783468
-783408
-783408
-783408
-783832
-783600
-783596
-783740
-783636
-783648
-783712
-783728
-783692
-783756
-783796
-783688
-783880
-784028
-783992
-784028
-784060
-783956
-783856
-783768
-783788
-783524
-783276
-783164
-783024
-783124
-783136
-783144
-783172
-783004
-783064
-783032
-782904
-782836
-782700
-782732
-782688
-782628
-782652
-782632
-782524
-782508
-782444
-782472
-782360
-782300
-782240
-782260
-782280
-782368
-782268
-782380
-782396
-782256
-782256
-782160
-782172
-781972
-782020
-781956
-781920
-781816
-781648
-781568
-781508
-781540
-781556
-781680
-781784
-781780
-781776
-781760
-782072
-782248
-782340
-782376
-782400
-782428
-782344
-782216
-782304
-782300
-782280
-782252
-782400
-782404
-782388
-782288
-782316
-782456
-782336
-782544
-782568
-782632
-782636
-782804
-782860
-782880
-783016
-783104
-783172
-783160
-783488
-783436
-783548
-783564
-783780
-783744
-783852
-783724
-783692
-783968
-783904
-783820
-783960
-783984
-783952
-783972
-783908
-784176
-784244
-784300
-784296
-784364
-784344
-784272
-784504
-784460
-784580
-784672
-784680
-784816
-784744
-784492
-784588
-784620
-784636
-784724
-784776
-784564
-784592
-784480
-784680
-784628
-784604
-784536
-784640
-784620
-784620
-784628
-784628
-784612
-784628
-784804
-784756
-784884
-784944
-785068
-784900
-784916
-784876
-784788
-784400
-784468
-784492
-784556
-784216
-784296
-784424
-784536
-784616
-784588
-784448
-784480
-784320
-784376
-784228
-784064
-784196
-784060
-784004
-783852
-783820
-783980
-784068
-784148
-784020
-784044
-784008
-783916
-784040
-783904
-783804
-783744
-783748
-783736
-783692
-783624
-783632
-783572
-783624
-783624
-783724
-783660
-783700
-783868
-783980
-784008
-784112
-784060
-784140
-784232
-784340
-784348
-784140
-784176
-784372
-784220
-783928
-783996
-783896
-783836
-783856
-783860
-783908
-783984
-784064
-783928
-783908
-783844
-783848
-783684
-783808
-783872
-783916
-783880
-783976
-783956
-783904
-783764
-783740
-783652
-783576
-783656
-783660
-783584
-783628
-783688
-783660
-783692
-783652
-783588
-783460
-783340
-783376
-783424
-783508
-783440
-783540
-783636
-783852
-783936
-783872
-783904
-783912
-784024
-783992
-784144
-784004
-783968
-783796
-783872
-783952
-783820
-784020
-783924
-783924
-783748
-783536
-783460
-783368
-783652
-783812
-783924
-783980
-783912
-783940
-783988
-784016
-784012
-784052
-784116
-784144
-784304
-784296
-784276
-784268
-784348
-784288
-784372
-784284
-784184
-784204
-784260
-784124
-784316
-784372
-784516
-784428
-784156
-784332
-784312
-784184
-784236
-784420
-784376
-784424
-784512
-784184
-784172
-784276
-784156
-784384
-783944
-783860
-783868
-783864
-783740
-783724
-783812
-783828
-783940
-784044
-784060
-784068
-784196
-784372
-784560
-784568
-784804
-784836
-784940
-784816
-785024
-784884
-784828
-785028
-785040
-785084
-785024
-785160
-785256
-785380
-785312
-785252
-785144
-785104
-785484
-785440
-785348
-785424
-785312
-785268
-785364
-785416
-785344
-785280
-785348
-785152
-785112
-785140
-785000
-784972
-785276
-785128
-785020
-785088
-784996
-785084
-784976
-785096
-785120
-784984
-785148
-785188
-785204
-785248
-785164
-785092
-785072
-785096
-784952
-784940
-784852
-784856
-784756
-784796
-784724
-784700
-784656
-784816
-784444
-784336
-784340
-784524
-784424
-784020
-784004
-784012
-784072
-783996
-784048
-783844
-783700
-783848
-783800
-783672
-783704
-783688
-783760
-783676
-783768
-783684
-783716
-783700
-783848
-783896
-784036
-784096
-783928
-783808
-783796
-783716
-783736
-783752
-783772
-783684
-783568
-783692
-783504
-783580
-783496
-783464
-783460
-783636
-783744
-783684
-783632
-783704
-783720
-783784
-783908
-783908
-783832
-783828
-783596
-783360
-783412
-783656
-783752
-783712
-783760
-783636
-783676
-783736
-783816
-783860
-783864
-783764
-783852
-783960
-783964
-784080
-783780
-783896
-783792
-783888
-783840
-783672
-783788
-783716
-783632
-783664
-783620
-783632
-783712
-783588
-783592
-783892
-783904
-784028
-784144
-784092
-784048
-784072
-784060
-784116
-784032
-783864
-784020
-783888
-783876
-783956
-783960
-784116
-784084
-784064
-784020
-784124
-784152
-784292
-784260
-784156
-784212
-784472
-784452
-784556
-784532
-784716
-784780
-784928
-784996
-785088
-785160
-785116
-785084
-785132
-785024
-785040
-784996
-785112
-784992
-785084
-784944
-784708
-784700
-784644
-784516
-784424
-784376
-784320
-783952
-784076
-784132
-784116
-784240
-784264
-784304
-784288
-784204
-784116
-784100
-784368
-784272
-784352
-784424
-784124
-784172
-784216
-784332
-784316
-784268
-784320
-784232
-784228
-784328
-784532
-784584
-784532
-784620
-784700
-784820
-784784
-784796
-784752
-784732
-784784
-784820
-784900
-784672
-784640
-784660
-784580
-784500
-784624
-784624
-784688
-784656
-784404
-784384
-784256
-784308
-784476
-784472
-784556
-784484
-784728
-784756
-784924
-784804
-785040
-785168
-785416
-785448
-785480
-785400
-785664
-785784
-785684
-785688
-785704
-785728
-785800
-785716
-785828
-785632
-785516
-785568
-785596
-785508
-785232
-785080
-785036
-785112
-785056
-785252
-785240
-785096
-785188
-785004
-784868
-784800
-784828
-784844
-784580
-784648
-784772
-784720
-784720
-784772
-784836
-784972
-784852
-784808
-784760
-784928
-784852
-784788
-784612
-784688
-784548
-784464
-784508
-784624
-784620
-784592
-784644
-784516
-784692
-784676
-784780
-785012
-785032
-784956
-785080
-785152
-785180
-785152
-785436
-785464
-785436
-785464
-785496
-785456
-785200
-785288
-785160
-785152
-785116
-785272
-785376
-785392
-785516
-785512
-785404
-785404
-785460
-785520
-785496
-785488
-785444
-785432
-785568
-785596
-785552
-785536
-785416
-785460
-785464
-785540
-785840
-785696
-785676
-785584
-785660
-785644
-785532
-785748
-785836
-785812
-786012
-785868
-785780
-785952
-785976
-785996
-785872
-785888
-785948
-785812
-785868
-785748
-785816
-785764
-785708
-785748
-785800
-785748
-785780
-785684
-785724
-785744
-785792
-785792
-785844
-785808
-785952
-786112
-786156
-786240
-786328
-786456
-786460
-786580
-786552
-786552
-786552
-786568
-786612
-786664
-786668
-786664
-786668
-786704
-786660
-786564
-786684
-786624
-786376
-786400
-786408
-786440
-786332
-786260
-786388
-786512
-786480
-786440
-786380
-786512
-786424
-786696
-786768
-786732
-786736
-786988
-786832
-786808
-786728
-786800
-786760
-786744
-786656
-786688
-786784
-786804
-786880
-786876
-786924
-786832
-786908
-786852
-786820
-786744
-786808
-786736
-786744
-786716
-786628
-786632
-786608
-786608
-786476
-786624
-786536
-786424
-786308
-786268
-786212
-786200
-786152
-785992
-785948
-785860
-786112
-786248
-786288
-786352
-786280
-786212
-786280
-786288
-786240
-786084
-786112
-785992
-785940
-786048
-785868
-785908
-785912
-785760
-785652
-785652
-785480
-785604
-785676
-785704
-785668
-785684
-785688
-785732
-785852
-785940
-785964
-785972
-786192
-786052
-785880
-785732
-785800
-785804
-785860
-785868
-785836
-785936
-786072
-786132
-786088
-786060
-785772
-785836
-785960
-785596
-785624
-785564
-785436
-785472
-785396
-785536
-785448
-785280
-785280
-785184
-785088
-785220
-785180
-785012
-785052
-784984
-785148
-785064
-784972
-784708
-784752
-784728
-784624
-784700
-784668
-784700
-784720
-784388
-784396
-784456
-784444
-784340
-784200
-784160
-784296
-784112
-784208
-784036
-784084
-784080
-783988
-784112
-784160
-783868
-783780
-783856
-784104
-784236
-784464
-784580
-784572
-784680
-784404
-784256
-784160
-784244
-783728
-783744
-783732
-783724
-783756
-783832
-784036
-784068
-783792
-783888
-783704
-783748
-783584
-783588
-783452
-783392
-783288
-783312
-783356
-783480
-783428
-783328
-783252
-783488
-783352
-783280
-783212
-783200
-783052
-782956
-782560
-782472
-782460
-782356
-782344
-782520
-782568
-782728
-782760
-782796
-782812
-782736
-783128
-783176
-783172
-783092
-783136
-783048
-783004
-783064
-783256
-783196
-783140
-783132
-783104
-783048
-783004
-783084
-783136
-783112
-783092
-782980
-783100
-783028
-783012
-782972
-782908
-782784
-782796
-782784
-782824
-782856
-782844
-782996
-783052
-783152
-783340
-783236
-783288
-783184
-783140
-783172
-783236
-783208
-783204
-783168
-783172
-783248
-783152
-783012
-783068
-783052
-783004
-783008
-782904
-782728
-782664
-782664
-782716
-782760
-782864
-782904
-782920
-782900
-782888
-782872
-782804
-782668
-782712
-782600
-782484
-782380
-782212
-782260
-782364
-782372
-782284
-782376
-782256
-782072
-781996
-782036
-782468
-782476
-782616
-782564
-782408
-782500
-782436
-782344
-782380
-782440
-782520
-782444
-782412
-782368
-782404
-782268
-782276
-782400
-782312
-782380
-782464
-782448
-782376
-782304
-782156
-782200
-782100
-782048
-781968
-782020
-782256
-782296
-782212
-782052
-781892
-781880
-781872
-781832
-781736
-781680
-781592
-781336
-781500
-781684
-781808
-781740
-781796
-781796
-781956
-781840
-781856
-781720
-781884
-781876
-781608
-781656
-781588
-781532
-781460
-781544
-781620
-781568
-781528
-781580
-781664
-781724
-781832
-781864
-781824
-781984
-782044
-782008
-781912
-781900
-782084
-782076
-781964
-781956
-781936
-782284
-782276
-782472
-782384
-782492
-782632
-782500
-782484
-782472
-782468
-782460
-782524
-782548
-782640
-782660
-782072
-782060
-782012
-781896
-781888
-781920
-781856
-781852
-781808
-781740
-781812
-781780
-781796
-781844
-781976
-781872
-781984
-782288
-782228
-782324
-782304
-782180
-782316
-782400
-782404
-782372
-782224
-782236
-782172
-782276
-782208
-782252
-782236
-781952
-782164
-782248
-782248
-782264
-782236
-782300
-782400
-782448
-782472
-782260
-782260
-782140
-782084
-782128
-782144
-782172
-782136
-781972
-781840
-781908
-782028
-782100
-782244
-782140
-782196
-782264
-782284
-782188
-782108
-782088
-782164
-782144
-781968
-781984
-782052
-782176
-782036
-781844
-781812
-781664
-781604
-781752
-781796
-781832
-781736
-781712
-781908
-781896
-781740
-781716
-781628
-781620
-781560
-781664
-781584
-781696
-781696
-781648
-781544
-781644
-781512
-781504
-781680
-781540
-781672
-781552
-781644
-781892
-781940
-782020
-781956
-781964
-781948
-782012
-781976
-781920
-781876
-781924
-781920
-781876
-781892
-782120
-782144
-782304
-782380
-782332
-782260
-782192
-782244
-782348
-782388
-782316
-782384
-782360
-782400
-782372
-782220
-782284
-782236
-782212
-782416
-782492
-782292
-782336
-782364
-782252
-782340
-782348
-782248
-782232
-782136
-782312
-782224
-782080
-781992
-782024
-782204
-782148
-782308
-782128
-781948
-782044
-782084
-782164
-782160
-782080
-782072
-782168
-782032
-782120
-782360
-782400
-782196
-782148
-782196
-782140
-782012
-782200
-782240
-782296
-782324
-782284
-782124
-782076
-782060
-781964
-782184
-782252
-782216
-782228
-782024
-782116
-782136
-782136
-782092
-782032
-782028
-782032
-782224
-782216
-782368
-782472
-782908
-782992
-782924
-782904
-782800
-782860
-782764
-782672
-782608
-782692
-782656
-782944
-782956
-782996
-783044
-783044
-783148
-783008
-783012
-783136
-783160
-783144
-783156
-783180
-783132
-783148
-783248
-783196
-783156
-783180
-783140
-783064
-783104
-783108
-783148
-783164
-783180
-783328
-783348
-783364
-783180
-783248
-783052
-783080
-783004
-782872
-782832
-782904
-782904
-782996
-782828
-782852
-782828
-782848
-782860
-782780
-782752
-782604
-782556
-782604
-782496
-782500
-782632
-782696
-782984
-783036
-783032
-783016
-782972
-782664
-782672
-782912
-783072
-783084
-783120
-783208
-783196
-783544
-783428
-783376
-783436
-783404
-783240
-783232
-783264
-783128
-783004
-782884
-783036
-782984
-783048
-783012
-782924
-782912
-782664
-782620
-782520
-782484
-782548
-782496
-782624
-782680
-782424
-782292
-782372
-782156
-782116
-782148
-781844
-781708
-782176
-782284
-782320
-782380
-782356
-782216
-782072
-781992
-781852
-781988
-781984
-782208
-782356
-782304
-782484
-782464
-782456
-782356
-782152
-782096
-781924
-782092
-782112
-782152
-782152
-782084
-782124
-782036
-782032
-781916
-781836
-781924
-782056
-782020
-782172
-782212
-782388
-782140
-782224
-782116
-782200
-782400
-782384
-782500
-782620
-782656
-782844
-782800
-782960
-782880
-782724
-782704
-782944
-783132
-783344
-783216
-783044
-783256
-783280
-783136
-782940
-783024
-783040
-782928
-782748
-782844
-782996
-782960
-782924
-783008
-783008
-782984
-782656
-782744
-782716
-782964
-782908
-782964
-783000
-782888
-782848
-782904
-783072
-783228
-783268
-783272
-783276
-783340
-783200
-783172
-782992
-783008
-783060
-783068
-783088
-783048
-783096
-783068
-783464
-783460
-783492
-783388
-783312
-783248
-783380
-783360
-783376
-783280
-783192
-783160
-783116
-783168
-783104
-783052
-782984
-782956
-783048
-783044
-783124
-782896
-782636
-782748
-782788
-782692
-782684
-782580
-782620
-782508
-782456
-782516
-782572
-782412
-782348
-782348
-782336
-782260
-782292
-782324
-782356
-782588
-782644
-782708
-782796
-782796
-782452
-782392
-782344
-782396
-782432
-782360
-782344
-782324
-782392
-782196
-782352
-782316
-782484
-782448
-782256
-782296
-782472
-782428
-782452
-782356
-782308
-782428
-782468
-782400
-782436
-782464
-782616
-782580
-782520
-782604
-782636
-782584
-782588
-782644
-782524
-782620
-782636
-782776
-783084
-782880
-782936
-782888
-782924
-783108
-783008
-782952
-783188
-782896
-782888
-782776
-782872
-782884
-782932
-782876
-782872
-782936
-782820
-782988
-782840
-783096
-783076
-783248
-783032
-782928
-782960
-783136
-783196
-783068
-783156
-783228
-783420
-783580
-783552
-783408
-783360
-783380
-783356
-783292
-783260
-783436
-783488
-783636
-783632
-783680
-783620
-783660
-783636
-783288
-783220
-783188
-783152
-782996
-782900
-783028
-783076
-782788
-782696
-782624
-782596
-782676
-782676
-782676
-782772
-782556
-782640
-782448
-782220
-782216
-782092
-781808
-781704
-781616
-781572
-781776
-781716
-781768
-781776
-781668
-781564
-782004
-782084
-782004
-782060
-781956
-781972
-781908
-781936
-782024
-781840
-781720
-781740
-781768
-781792
-781788
-781804
-781716
-781660
-781648
-781604
-781792
-781884
-781792
-781896
-781844
-781896
-781848
-781740
-781620
-781624
-781484
-781428
-781392
-781344
-781340
-781264
-781120
-781188
-781284
-781060
-781080
-781132
-781176
-781176
-781224
-781316
-781456
-781524
-781572
-781544
-781544
-781396
-781492
-781448
-781432
-781504
-781416
-781516
-781520
-781548
-781644
-781520
-781536
-781432
-781360
-781400
-781364
-781312
-781208
-781224
-781316
-781268
-781308
-781428
-781508
-781460
-781340
-781408
-781356
-781640
-781496
-781616
-781676
-781764
-781644
-781720
-781960
-781896
-781740
-781652
-781520
-781468
-781348
-781356
-781308
-781344
-781304
-781248
-781104
-781096
-781052
-780912
-780924
-780984
-780972
-781068
-780912
-780872
-780812
-780808
-780728
-780824
-780868
-780856
-780872
-780852
-780696
-780964
-781196
-781224
-781344
-781488
-781648
-781652
-781592
-781608
-781640
-781560
-781588
-781488
-781476
-781404
-781140
-781108
-781100
-781204
-781144
-781192
-781100
-780996
-781104
-781172
-781228
-781080
-781036
-781032
-780952
-780912
-781100
-781164
-781216
-781192
-781220
-781472
-781552
-781776
-781832
-781876
-782060
-781992
-781820
-781664
-781656
-781716
-781656
-781472
-781304
-781388
-781312
-781460
-781488
-781480
-781484
-781416
-781464
-781268
-781396
-781376
-781420
-781196
-781140
-781140
-781184
-781152
-781156
-781388
-781328
-781316
-781172
-781160
-781188
-781084
-780972
-781020
-781000
-780960
-780968
-780916
-780992
-780928
-780932
-781020
-781096
-781180
-781272
-781312
-781272
-781356
-781236
-781228
-781176
-781196
-781204
-781144
-781076
-781068
-781232
-781300
-781464
-781468
-781428
-781324
-781260
-781272
-781304
-781212
-781304
-781296
-781272
-781208
-781196
-781360
-781428
-781560
-781620
-781468
-781432
-781492
-781552
-781552
-781560
-781728
-781644
-781444
-781324
-781468
-781452
-781516
-781424
-781324
-781320
-781216
-781076
-781184
-781280
-781300
-781304
-781384
-781332
-781464
-781496
-781508
-781568
-781412
-781508
-781388
-781536
-781488
-781340
-781460
-781568
-781556
-781600
-781628
-781580
-781708
-781828
-781820
-781716
-781664
-781760
-781784
-781636
-781588
-781616
-781644
-781432
-781452
-781504
-781476
-781176
-781272
-781096
-781148
-781244
-781280
-781276
-781316
-781224
-781152
-781064
-781148
-781120
-781200
-781264
-781428
-781348
-781444
-781556
-781708
-781664
-781660
-781460
-781556
-781580
-781484
-781460
-781456
-781168
-781140
-781108
-781076
-781056
-781008
-780996
-781068
-781000
-781064
-780984
-781164
-781176
-781200
-781172
-781188
-781228
-781212
-781140
-781324
-781384
-781328
-781268
-781128
-781064
-781052
-781064
-780824
-780844
-780796
-780772
-780876
-780808
-780760
-780764
-780824
-780820
-780748
-780764
-780668
-780900
-780896
-780924
-781072
-780884
-780960
-780960
-781048
-781004
-780996
-781012
-781168
-781172
-781256
-781152
-781172
-781180
-781156
-781132
-781160
-781120
-781068
-781104
-781336
-781360
-781412
-781208
-781356
-781352
-781348
-781348
-781328
-781296
-781168
-780976
-780976
-781000
-780924
-780964
-780928
-781284
-781488
-781416
-781532
-781468
-781448
-781696
-781432
-781476
-781380
-781324
-781204
-781120
-781132
-781220
-781224
-781120
-781264
-781108
-781128
-781108
-781064
-780992
-781016
-781108
-781020
-781080
-781104
-781012
-781004
-780968
-780868
-780820
-780852
-780832
-780932
-780824
-780956
-780732
-780668
-780436
-780324
-780232
-780392
-780448
-780400
-780648
-780632
-780456
-780444
-780408
-780536
-780592
-780568
-780568
-780928
-780796
-780756
-780780
-780840
-780836
-780828
-780876
-780672
-780884
-780932
-780832
-780840
-780944
-781168
-781136
-781236
-781292
-781332
-781380
-781156
-781220
-781220
-781312
-781380
-781196
-781264
-781168
-781040
-780936
-780964
-780772
-780740
-780580
-780524
-780556
-780480
-780564
-780480
-780580
-780892
-781108
-781400
-781484
-781588
-781500
-781452
-781540
-781492
-781528
-781472
-781524
-781520
-781628
-781592
-781532
-781552
-781388
-781316
-781292
-781436
-781584
-781708
-781780
-781716
-781576
-781588
-781596
-781904
-781968
-781784
-781948
-782000
-782068
-782032
-782004
-781992
-782144
-782124
-782236
-782356
-782384
-782260
-782220
-782308
-782348
-782340
-782444
-782612
-782588
-782652
-782676
-782644
-782748
-782664
-782736
-782732
-782704
-782740
-782736
-782668
-782696
-782780
-782768
-782796
-782824
-782752
-782676
-782592
-782584
-782608
-782416
-782304
-782268
-782280
-782484
-782408
-782332
-782408
-782428
-782404
-782284
-782128
-782036
-781992
-782144
-782104
-782184
-782284
-782264
-782284
-782232
-782072
-782256
-782296
-782364
-782444
-782452
-782380
-782236
-782388
-782672
-782556
-782592
-782544
-782400
-782400
-782424
-782308
-782436
-782288
-782412
-782444
-782388
-782408
-782376
-782336
-782236
-782256
-782088
-782020
-782032
-781980
-781944
-781584
-781688
-781860
-781796
-781756
-781716
-781684
-781756
-781624
-781560
-781648
-781564
-781644
-781548
-781552
-781528
-781412
-781372
-781552
-781472
-781372
-781540
-781548
-781492
-781492
-781316
-781412
-781452
-781324
-781240
-781412
-781428
-781480
-781564
-781576
-781620
-781820
-782084
-781928
-781916
-781872
-781836
-781700
-781628
-781528
-781612
-781124
-781164
-781144
-781060
-781196
-781204
-781100
-781136
-781168
-781224
-781136
-781088
-781120
-781248
-781136
-781312
-781236
-781264
-781192
-781228
-780996
-781104
-781332
-781420
-781460
-781596
-781600
-781588
-781660
-781708
-781528
-781552
-781572
-781688
-781384
-781440
-781388
-781548
-781512
-781520
-781352
-781444
-781512
-781428
-781500
-781512
-781452
-781320
-781428
-781316
-781304
-781276
-781300
-781540
-781568
-781660
-781668
-781756
-781800
-781720
-781804
-781836
-781844
-782068
-781672
-781568
-781820
-781912
-781836
-781836
-781840
-781700
-781816
-781548
-781380
-781576
-781412
-781424
-781420
-781548
-781336
-781296
-781444
-781436
-781372
-781652
-781608
-781256
-781188
-781112
-781224
-781308
-781300
-781328
-781488
-781744
-781796
-781832
-781824
-781888
-781820
-781780
-781660
-781556
-781488
-781652
-781640
-781880
-782048
-781964
-781932
-781868
-781784
-781812
-781964
-781856
-781812
-781728
-781688
-781744
-781552
-781588
-781512
-781448
-781492
-781500
-781548
-781668
-781604
-781648
-781612
-781668
-781760
-781840
-781760
-781648
-781596
-781476
-781440
-781440
-781724
-781616
-781580
-781656
-781640
-781192
-781180
-781108
-781076
-781092
-781168
-781124
-781132
-781248
-781264
-781248
-781484
-781596
-781904
-781948
-781908
-781748
-781844
-781816
-781888
-781696
-781380
-781404
-781300
-781260
-781480
-781504
-781460
-781484
-781416
-781224
-781292
-781064
-781088
-781044
-781004
-780952
-781020
-781044
-781096
-781156
-781256
-781316
-781208
-781340
-781436
-781604
-781396
-781384
-781344
-781312
-781256
-781052
-780972
-780944
-780952
-781168
-781204
-781088
-781100
-781088
-780948
-780996
-781056
-780928
-780804
-780944
-780760
-780696
-780640
-780764
-781012
-780996
-780908
-781004
-780872
-780812
-780648
-780744
-780600
-780716
-780496
-780820
-780860
-780796
-780824
-780928
-781048
-781052
-780908
-780968
-780860
-781016
-780852
-780692
-780612
-780684
-780708
-780768
-780836
-780788
-780780
-780852
-780784
-780868
-780864
-780896
-780948
-780988
-780832
-780772
-780696
-780860
-780920
-780896
-780856
-780968
-780868
-780872
-780836
-780708
-780784
-780772
-780832
-780828
-780932
-780948
-781104
-781300
-781356
-781548
-781524
-781576
-781584
-781472
-781448
-781508
-781616
-781292
-781396
-781408
-781424
-781444
-781444
-781508
-781504
-781488
-781416
-781584
-781552
-781540
-781592
-781612
-781556
-781576
-781744
-781712
-781600
-781708
-781852
-781704
-781792
-781784
-781956
-781948
-781948
-781960
-782060
-782036
-782064
-782028
-782052
-782076
-782264
-782272
-782248
-782380
-782372
-782396
-782436
-782552
-782712
-782748
-782680
-782604
-782532
-782648
-782816
-782864
-782884
-782804
-783032
-782948
-783012
-782936
-783156
-783428
-783520
-783408
-783412
-783308
-783312
-783200
-783144
-783132
-783256
-783288
-783364
-783288
-783316
-783348
-783248
-783060
-782868
-782832
-782904
-783052
-783032
-783148
-783084
-782964
-783116
-783116
-783288
-783188
-783260
-783344
-783340
-783348
-783432
-783520
-783596
-783644
-783344
-783248
-783204
-783292
-783404
-783400
-783388
-783400
-783372
-783376
-783388
-783392
-783416
-783572
-783620
-783720
-783608
-783636
-783416
-783236
-783192
-783164
-783168
-783016
-783076
-783104
-783044
-783020
-783024
-783160
-783000
-783048
-783240
-783172
-783232
-783300
-783340
-783256
-783284
-783484
-783504
-783468
-783528
-783564
-783580
-783504
-783452
-783424
-783500
-783492
-783420
-783420
-783424
-783320
-783284
-783268
-783224
-783208
-783176
-783168
-783168
-783052
-782944
-783044
-782908
-782844
-782936
-783132
-783068
-783068
-783020
-783020
-783020
-783124
-783264
-783204
-783148
-783248
-783272
-783196
-783432
-783420
-783376
-783184
-783136
-783292
-783284
-783180
-783132
-783188
-783180
-783164
-782992
-783056
-783052
-782840
-782832
-782828
-783036
-783124
-783048
-783164
-783248
-782892
-783016
-783096
-783048
-783184
-783148
-783192
-783300
-783164
-783072
-782912
-782884
-782708
-782704
-782752
-782724
-782612
-782716
-782640
-782788
-782940
-782896
-782992
-783072
-783016
-783112
-783052
-783000
-783228
-783356
-783336
-783224
-783620
-783528
-783408
-783348
-783308
-783628
-783688
-783720
-783748
-783816
-783656
-783612
-783580
-783508
-783344
-783732
-783564
-783452
-783208
-783216
-783288
-783312
-783272
-783268
-783492
-783452
-783440
-783468
-783488
-783528
-783564
-783380
-783288
-783468
-783496
-783544
-783532
-783592
-783580
-783560
-783428
-783384
-783380
-783312
-783504
-783608
-783484
-783520
-783636
-783624
-783536
-783288
-783356
-783328
-783308
-783204
-783016
-782752
-782724
-782676
-782636
-782640
-782652
-782520
-782392
-782272
-782316
-782300
-782200
-782316
-782408
-782424
-782400
-782364
-782476
-782524
-782612
-782472
-782716
-782644
-782472
-782472
-782444
-782380
-782096
-782112
-782124
-782256
-782392
-782288
-782368
-782396
-782544
-782496
-782496
-782384
-782628
-782812
-782952
-783076
-783096
-782980
-783028
-783124
-783144
-783036
-782980
-782976
-782992
-783008
-783200
-783208
-783220
-783100
-783024
-782864
-782788
-782844
-782716
-782772
-782732
-782800
-782976
-783028
-783016
-783008
-782964
-782796
-782808
-782812
-782808
-782896
-782776
-782672
-782744
-782780
-782844
-782920
-783016
-783088
-783156
-783160
-783004
-783064
-783096
-783120
-783244
-783356
-783296
-783488
-783364
-783312
-783300
-783252
-783264
-783288
-783232
-783232
-783376
-783472
-783612
-783588
-783592
-783608
-783528
-783452
-783372
-783372
-783456
-783460
-783216
-783244
-783292
-783352
-783384
-783124
-783284
-783540
-783512
-783516
-783656
-783508
-783332
-783288
-783404
-783392
-783524
-783416
-783376
-783260
-783296
-783156
-783060
-783144
-783024
-783064
-782936
-782960
-782900
-782908
-782904
-782776
-782848
-782816
-782832
-783024
-782824
-782932
-783008
-783136
-783156
-783164
-783148
-783180
-783212
-783216
-783180
-783124
-783328
-783308
-783296
-783388
-783392
-783392
-783372
-783504
-783560
-783568
-783572
-783580
-783472
-783400
-783308
-783292
-783344
-783224
-783260
-783156
-782984
-783052
-782924
-783008
-783000
-782936
-782936
-782952
-782976
-782932
-782948
-782928
-782944
-782928
-782912
-782904
-782812
-782772
-782676
-782592
-782556
-782648
-782624
-782920
-782960
-782992
-782984
-783208
-783268
-783260
-783004
-783204
-783304
-783500
-783388
-783572
-783568
-783484
-783472
-783532
-783384
-783484
-783540
-783456
-783536
-783516
-783732
-783688
-784176
-784104
-783972
-784056
-783968
-784036
-784060
-784056
-784112
-784080
-784128
-784128
-784076
-784156
-784108
-784072
-783940
-783684
-783588
-783788
-783740
-783616
-783632
-783644
-783772
-783668
-783640
-783568
-783668
-783800
-783748
-783848
-784004
-783992
-784048
-784320
-784268
-784332
-784308
-784392
-784536
-784680
-784612
-784700
-784932
-785004
-785032
-784936
-785068
-785160
-785056
-785064
-785124
-785220
-785284
-785400
-785428
-785788
-785728
-785828
-785860
-785648
-785664
-785700
-785732
-785572
-785600
-785668
-785704
-785616
-785688
-785600
-785732
-785840
-785804
-785876
-785848
-785680
-785700
-785656
-785620
-785776
-785876
-786048
-786100
-786068
-786080
-786088
-786152
-786172
-786140
-786116
-786148
-786208
-786204
-786300
-786388
-786444
-786524
-786392
-786208
-786172
-786196
-786228
-786312
-786408
-786424
-786324
-786260
-786404
-786448
-786368
-786356
-786456
-786500
-786532
-786572
-786628
-786704
-786760
-786780
-786704
-786668
-786692
-786464
-786564
-786524
-786360
-786268
-786296
-786256
-786344
-786160
-786204
-786232
-786320
-786368
-786228
-786228
-786276
-786256
-786124
-786176
-786036
-786044
-786024
-786068
-786096
-786472
-786320
-786336
-786340
-786416
-786456
-786616
-786504
-786528
-786648
-786688
-786592
-786320
-786388
-786348
-786280
-786156
-786100
-786096
-786152
-786052
-786124
-786160
-786184
-786196
-786256
-786452
-786308
-786396
-786500
-786392
-786320
-786192
-785972
-785964
-786104
-786116
-786244
-786328
-786304
-786404
-786376
-786412
-786488
-786604
-786536
-786788
-786696
-786648
-786624
-786472
-786532
-786472
-786428
-786356
-786316
-786244
-786312
-786336
-786256
-786268
-786248
-786164
-786132
-786124
-786228
-786232
-786120
-786084
-785948
-786044
-785944
-785848
-785820
-785840
-785752
-785764
-785800
-785616
-785768
-785692
-785612
-785660
-785648
-785560
-785284
-785472
-785432
-785364
-785080
-785060
-784904
-784964
-784972
-785128
-785276
-785224
-785140
-785140
-785032
-785020
-785040
-785120
-785204
-785116
-785108
-785112
-784904
-784892
-784836
-784704
-784764
-784916
-784700
-784604
-784640
-784764
-784776
-784772
-784752
-784780
-784756
-784820
-784816
-784820
-784808
-784624
-785004
-785016
-785064
-785168
-785232
-784964
-784996
-784948
-784996
-785016
-785160
-785132
-785060
-785164
-785184
-785416
-785584
-785648
-785724
-785644
-785888
-785816
-785812
-785780
-785824
-785508
-785556
-785556
-785492
-785404
-785432
-785488
-785528
-785484
-785564
-785700
-785684
-785704
-785604
-785632
-785592
-785508
-785504
-785468
-785404
-785424
-785588
-785660
-785660
-785672
-785660
-785940
-785936
-785960
-786004
-785864
-785944
-786036
-785996
-785920
-785936
-786140
-786168
-786228
-786228
-785980
-786064
-786092
-786100
-786084
-786124
-786164
-786284
-786172
-786208
-786252
-786172
-786144
-786056
-786148
-786176
-786168
-786332
-786420
-786420
-786468
-786484
-786480
-786560
-786688
-786732
-786800
-786676
-786776
-786668
-786668
-786696
-786848
-786748
-786844
-786756
-786716
-786584
-786456
-786444
-786428
-786320
-786348
-786344
-786128
-786204
-786164
-785904
-785848
-785648
-785556
-785500
-785532
-785768
-785592
-785564
-785468
-785292
-785568
-785780
-785656
-785880
-785836
-785732
-785656
-785676
-785872
-786200
-786252
-786380
-786376
-786220
-786252
-786288
-786256
-786168
-786224
-786312
-786272
-786360
-786412
-786400
-786360
-786252
-786200
-786224
-786316
-786328
-786392
-786368
-786352
-786500
-786588
-786420
-786392
-786328
-786336
-786388
-786636
-786704
-786620
-786632
-786568
-786456
-786360
-786276
-786264
-786232
-786352
-786256
-786340
-786188
-786316
-786308
-786352
-786404
-786320
-786252
-786208
-786328
-786272
-786280
-786344
-786476
-786300
-786336
-786396
-786444
-786476
-786472
-786496
-786620
-786500
-786504
-786440
-786408
-786668
-786576
-786528
-786524
-786472
-786300
-786324
-786280
-786432
-786524
-786132
-785960
-785992
-785968
-786108
-786356
-786288
-786236
-786420
-786428
-786508
-786564
-786544
-786552
-786692
-786696
-786684
-786640
-786716
-786668
-786664
-786704
-786800
-786636
-786684
-786552
-786376
-786312
-786288
-786352
-786280
-786284
-786160
-785808
-785812
-785856
-785888
-785884
-785848
-785816
-786004
-785880
-786144
-786212
-786192
-786152
-786100
-786212
-786200
-786264
-786288
-786220
-786284
-786360
-786452
-786308
-786440
-786340
-786312
-786720
-786704
-786712
-786524
-786456
-786468
-786476
-786632
-786920
-786700
-786864
-786824
-786884
-786948
-786936
-786968
-786992
-786996
-787028
-787012
-787008
-787020
-787096
-787440
-787312
-787240
-787228
-787188
-787260
-787576
-787556
-787612
-787712
-787792
-787696
-787756
-787832
-787656
-787704
-787712
-787668
-787568
-787604
-787700
-787512
-787488
-787584
-787324
-787312
-787376
-787372
-787332
-787308
-787340
-787304
-787252
-787188
-787168
-787124
-787132
-787116
-787048
-787120
-787096
-787268
-786992
-787220
-787260
-787368
-787332
-787296
-787216
-787180
-787364
-787296
-787344
-787296
-787292
-787312
-787356
-787392
-787420
-787524
-787516
-787480
-787320
-787296
-787384
-787480
-787348
-787340
-787336
-787396
-787500
-787528
-787436
-787352
-787200
-787128
-787128
-787072
-786572
-786488
-786640
-786624
-786628
-786556
-786556
-786420
-786396
-786424
-786616
-786692
-786648
-786572
-786360
-786316
-786332
-786360
-786236
-786276
-786288
-786236
-786176
-786192
-786140
-786136
-785872
-785672
-785960
-785872
-785852
-786016
-786056
-785892
-785912
-785824
-786308
-786328
-786400
-786356
-786224
-786304
-786396
-786312
-786188
-786172
-786228
-786200
-786256
-786384
-786248
-786188
-786272
-786100
-786136
-786084
-785976
-785996
-786008
-786104
-786152
-786172
-786256
-786332
-786104
-786264
-786280
-786240
-786392
-786436
-786756
-786852
-786932
-787072
-787004
-786752
-786948
-786948
-786912
-786972
-786964
-787008
-787068
-786992
-786720
-786744
-786696
-786624
-786796
-786856
-786860
-786960
-786864
-786864
-787028
-787032
-787048
-787052
-787156
-787196
-786972
-786940
-786904
-786784
-786752
-786600
-786388
-786436
-786380
-786372
-786308
-786388
-786296
-786192
-786228
-786072
-786140
-786152
-786244
-786272
-786260
-786512
-786564
-786248
-786172
-786372
-785968
-786008
-785852
-786048
-786156
-786068
-786156
-786152
-786200
-786132
-786108
-786020
-786108
-786080
-786088
-786124
-786240
-786388
-786428
-786556
-786596
-786528
-786312
-786164
-786264
-786132
-786020
-785968
-785812
-785896
-785824
-785884
-785876
-785780
-785384
-785488
-785640
-785520
-785456
-785404
-785496
-785516
-785484
-785540
-785652
-785600
-785556
-785580
-785520
-785732
-785724
-785644
-785736
-785636
-785680
-785728
-785736
-785824
-785672
-785712
-785688
-785596
-785544
-785528
-785616
-785728
-785720
-785792
-785764
-785828
-785872
-786124
-786152
-786108
-786348
-786120
-786068
-786176
-786212
-786308
-786352
-786476
-786492
-786548
-786408
-786388
-786520
-786648
-786800
-787076
-787088
-787004
-786700
-786720
-786660
-786652
-786704
-786892
-786808
-786840
-786832
-786784
-786716
-786816
-786496
-786404
-786572
-786448
-786296
-786376
-786492
-786352
-786420
-786368
-786312
-786272
-786140
-786144
-786048
-786124
-786104
-786220
-786068
-786184
-786304
-786216
-786016
-785872
-785832
-785828
-785632
-785604
-785772
-785916
-785960
-785972
-785916
-785872
-785848
-785756
-785648
-785692
-785780
-785768
-785704
-785752
-785960
-786008
-786024
-786156
-786072
-786020
-785976
-785900
-785840
-785848
-785824
-785628
-785940
-785784
-785896
-785676
-785608
-785556
-785448
-785432
-785492
-785428
-785412
-785512
-785488
-785576
-785512
-785488
-785292
-785316
-785108
-785084
-785096
-785240
-785236
-785092
-785096
-784832
-784800
-784796
-784860
-784788
-784816
-785096
-784976
-784920
-785032
-784952
-784936
-784564
-784372
-784400
-784312
-784284
-784216
-784308
-784312
-784320
-784284
-783984
-783868
-783832
-783840
-783872
-783892
-783968
-783932
-783980
-783992
-783932
-783916
-783948
-783976
-783908
-783956
-783952
-783948
-783984
-784008
-784148
-784180
-784300
-784472
-784504
-784660
-784652
-784784
-784584
-784628
-784676
-784620
-784660
-784772
-784828
-784912
-784764
-784648
-784708
-784660
-784788
-784884
-784884
-784824
-784752
-784676
-784620
-784668
-784584
-784632
-784544
-784520
-784556
-784584
-784588
-784480
-784604
-784580
-784596
-784492
-784516
-784508
-784448
-784484
-784372
-784176
-784316
-784296
-784264
-784364
-784208
-784268
-784244
-784252
-784312
-784252
-784112
-784108
-784192
-784124
-784308
-784212
-784080
-784036
-784012
-784168
-784316
-784288
-784300
-784224
-784232
-784204
-784316
-784300
-784320
-784432
-784500
-784344
-784100
-784088
-784076
-784016
-784412
-784364
-784196
-784484
-784532
-784644
-784684
-784772
-784852
-784864
-784896
-784828
-784804
-784808
-784776
-785004
-784996
-785140
-785092
-785024
-785004
-785276
-785268
-785220
-785240
-785256
-785240
-785300
-785276
-785392
-785372
-785236
-785108
-785012
-784908
-784816
-784940
-785028
-785024
-784980
-785044
-785128
-785092
-785088
-785148
-785172
-785356
-785456
-785420
-785424
-785360
-785548
-785524
-785528
-785620
-785572
-785600
-785500
-785496
-785468
-785376
-785396
-785276
-785424
-785316
-785416
-785312
-785268
-785172
-785228
-785076
-785180
-785144
-785072
-785256
-785372
-785464
-785440
-785524
-785400
-785316
-785344
-785308
-785312
-785220
-785240
-785344
-785244
-785248
-785332
-785456
-785344
-785324
-785268
-785260
-785264
-785252
-785328
-785268
-785280
-785188
-785164
-785152
-785276
-785356
-785196
-785244
-785276
-785296
-785272
-785268
-785356
-785204
-785168
-785228
-785184
-785212
-785160
-785252
-785292
-785192
-785356
-785336
-785356
-785444
-785524
-785556
-785580
-785532
-785448
-785484
-785536
-785452
-785392
-785308
-784972
-785044
-785020
-785048
-785388
-785452
-785464
-785444
-785332
-785308
-785636
-785596
-785648
-785716
-785780
-785820
-785900
-785808
-785872
-785868
-785920
-785820
-785828
-785936
-785896
-785852
-785776
-785864
-785880
-785864
-785812
-785776
-785600
-785568
-785720
-785788
-785704
-785792
-785792
-785820
-785912
-785936
-785956
-785972
-785992
-785932
-785836
-785752
-785672
-785628
-785664
-785728
-785708
-785812
-785852
-785844
-785364
-785452
-785496
-785492
-785532
-785456
-785372
-785300
-785240
-785328
-785172
-785176
-785140
-785180
-785172
-785092
-785104
-785028
-784976
-784836
-785024
-785012
-785080
-785148
-785072
-785212
-785204
-785036
-784944
-784856
-784780
-784892
-784812
-784724
-784688
-784804
-784836
-784728
-784552
-784564
-784240
-784164
-784136
-784260
-784264
-784528
-784652
-784584
-784616
-784592
-784540
-784588
-784656
-784584
-784684
-784492
-784352
-784324
-784380
-784436
-784436
-784552
-784508
-784564
-784676
-784672
-784612
-784500
-784608
-784600
-784516
-784536
-784520
-784356
-784552
-784680
-784812
-784716
-784764
-784864
-784936
-784992
-785100
-785052
-784864
-784872
-784792
-784836
-784936
-784928
-784952
-784944
-785020
-785152
-785148
-785088
-785024
-785256
-785160
-785116
-785248
-785248
-785176
-785132
-785028
-785036
-784976
-785012
-785084
-785116
-785168
-785192
-785152
-785236
-785432
-785416
-785532
-785632
-785620
-785548
-785408
-785340
-785432
-785512
-785656
-785732
-785820
-785672
-785752
-785784
-785796
-785752
-785668
-785656
-785656
-785628
-785812
-785760
-785892
-785980
-786148
-786124
-786172
-786060
-786004
-785904
-785936
-785996
-786064
-786052
-786012
-786036
-786080
-786024
-786156
-786124
-786072
-785696
-785776
-785816
-785840
-785932
-786020
-785952
-785976
-786016
-786040
-786068
-786116
-786088
-786064
-786084
-786320
-786404
-786468
-786592
-786516
-786428
-786368
-786344
-786228
-786220
-786208
-786128
-786060
-786252
-786088
-786144
-786036
-785976
-785944
-786000
-785964
-785992
-785724
-785784
-785584
-785648
-785644
-785600
-785552
-785572
-785544
-785680
-785624
-785612
-785656
-785716
-785808
-785864
-785976
-786088
-786212
-786280
-786288
-786316
-786472
-786484
-786544
-786636
-786496
-786268
-786188
-786256
-786276
-786284
-786124
-786084
-785940
-785876
-785816
-785776
-785752
-785776
-785708
-785532
-785436
-785488
-785292
-785264
-785300
-785280
-785360
-785380
-785392
-785448
-785452
-785436
-785380
-785512
-785560
-785576
-785440
-785516
-785256
-785360
-785352
-785404
-785408
-785532
-785464
-785368
-785448
-785488
-785560
-785604
-785528
-785500
-785684
-785780
-785740
-785672
-785624
-785792
-785872
-785968
-785744
-785720
-785728
-785544
-785572
-785884
-786028
-786004
-785884
-785640
-785688
-785580
-785640
-785780
-785784
-785756
-785772
-785936
-786020
-786028
-785980
-786028
-785960
-786124
-786152
-786148
-786100
-786144
-786036
-786080
-786108
-785944
-785708
-785640
-785592
-785652
-785636
-785612
-785568
-785524
-785332
-785380
-785352
-785152
-785208
-785600
-785628
-785588
-785396
-785276
-785108
-785164
-785100
-785120
-784792
-784920
-784752
-785016
-784964
-785084
-785232
-784980
-784944
-784896
-784784
-784752
-785012
-785332
-785348
-785360
-785468
-785548
-785756
-785832
-785696
-785708
-785740
-785684
-785664
-785612
-785508
-785440
-785556
-785364
-785488
-785596
-785404
-785268
-785380
-785332
-785184
-785148
-785128
-785204
-785320
-785204
-785188
-785276
-785216
-785328
-785212
-785348
-785312
-785212
-785216
-785000
-785052
-785076
-785084
-784948
-784920
-785312
-785360
-785532
-785708
-785664
-785568
-785724
-785928
-785852
-785764
-785648
-785528
-785352
-785536
-785624
-785784
-785728
-785688
-785616
-785640
-785720
-785704
-785772
-785604
-785632
-785596
-785404
-785492
-785284
-785268
-785056
-784972
-784920
-784944
-784924
-785056
-785076
-785020
-785032
-785128
-784920
-785060
-785200
-785328
-785108
-784936
-784780
-784732
-784676
-784540
-784500
-784444
-784504
-784392
-784324
-784508
-784284
-784276
-784284
-784400
-784228
-784160
-784020
-783912
-783852
-783776
-783676
-783648
-783948
-784000
-783744
-783644
-783756
-783708
-783816
-783844
-783820
-783724
-783612
-783516
-783528
-783512
-783636
-783680
-783544
-783596
-783628
-783564
-783660
-783864
-783804
-783940
-783984
-783976
-783884
-783880
-783856
-783972
-783960
-783856
-783876
-783704
-783804
-783816
-783812
-783752
-783876
-783720
-783632
-783988
-784372
-784428
-784452
-784560
-784692
-784636
-784640
-784480
-784368
-784372
-784044
-784204
-784356
-784376
-784376
-784460
-784436
-784480
-784444
-784540
-784568
-784576
-784528
-784556
-784652
-784700
-784632
-784592
-784620
-784560
-784536
-784468
-784632
-784712
-784788
-784928
-784888
-784524
-784616
-784592
-784816
-784852
-784928
-785156
-785256
-785420
-785332
-785296
-785624
-785288
-785480
-785720
-785624
-785600
-785484
-785488
-785356
-785300
-785100
-785032
-784844
-784692
-784556
-784656
-784684
-784664
-784764
-784752
-784908
-784948
-784976
-785036
-784820
-784864
-784744
-784672
-784768
-784640
-784528
-784624
-784596
-784788
-784872
-784732
-784652
-784568
-784680
-784700
-784772
-784808
-784812
-784728
-784764
-784840
-784996
-784776
-784780
-784812
-785116
-785236
-785264
-785168
-785000
-784884
-784784
-784692
-784648
-784476
-784512
-784572
-784472
-784248
-784440
-784204
-784260
-784220
-784192
-784360
-784348
-784484
-784596
-784708
-784816
-784984
-784908
-785028
-785004
-784968
-784944
-785076
-785204
-785360
-785076
-784884
-785072
-785164
-785084
-785096
-785060
-784892
-784848
-784976
-784944
-784948
-785028
-785148
-785084
-785052
-785224
-785320
-785304
-785372
-785444
-785596
-785612
-785620
-785672
-785712
-785676
-785568
-785380
-785320
-785464
-785728
-785848
-785784
-785740
-785580
-785612
-785636
-785604
-785672
-785496
-785408
-785496
-785280
-785196
-785276
-785284
-785320
-785256
-785356
-785288
-785164
-785140
-785252
-785332
-785440
-785324
-785480
-785356
-785268
-785216
-785076
-785252
-785496
-785164
-785032
-785012
-784988
-784904
-784860
-784844
-784912
-785052
-785056
-785084
-785116
-785120
-785112
-785008
-784948
-784936
-784976
-785204
-785200
-785076
-784976
-785004
-785112
-785108
-785104
-785100
-785128
-785124
-785136
-785180
-785044
-785000
-785012
-784988
-785048
-784892
-785012
-785056
-785128
-785044
-785032
-785092
-785124
-785480
-785612
-785680
-785412
-785508
-785444
-785424
-785428
-785336
-785248
-785296
-785212
-785240
-785536
-785680
-785500
-785744
-785588
-785520
-785584
-785728
-785652
-785572
-785756
-785684
-785640
-785636
-785520
-785480
-785320
-785048
-785064
-785152
-785136
-785336
-785336
-785236
-785328
-785416
-785240
-785360
-785328
-785344
-785412
-785332
-785248
-785516
-785588
-785764
-785788
-785600
-785632
-785692
-785652
-785696
-785872
-785908
-785992
-786040
-786108
-786120
-786100
-786236
-786276
-786376
-786552
-786596
-786624
-786556
-786580
-786624
-786908
-786700
-786844
-787032
-787240
-787128
-787108
-787064
-787248
-787268
-787352
-787308
-787124
-787112
-787208
-787384
-787336
-787364
-787260
-787168
-787200
-787148
-786992
-786912
-786876
-786876
-787044
-786912
-786820
-786848
-786992
-786968
-787024
-787176
-787184
-787228
-787196
-787300
-787396
-787552
-787536
-787556
-787732
-787656
-787464
-787436
-787512
-787476
-787416
-787356
-787312
-787384
-787400
-787356
-787444
-787432
-787428
-787340
-787308
-787352
-787396
-787292
-787400
-787292
-787372
-787276
-787284
-787304
-787528
-787496
-787648
-787692
-787780
-787636
-787620
-787596
-787672
-787696
-787644
-787912
-787652
-787796
-787808
-787844
-787728
-787708
-787676
-787792
-787728
-787756
-787992
-787848
-787940
-788012
-787948
-787692
-787704
-787684
-787840
-787616
-787476
-787520
-787576
-787592
-787572
-787496
-787512
-787584
-787584
-787660
-787616
-787548
-787640
-787640
-787656
-787584
-787768
-787964
-787956
-788052
-788236
-788396
-788812
-788576
-788532
-788504
-788408
-788328
-788344
-788244
-788288
-788164
-788280
-787992
-788136
-788232
-788064
-788016
-788044
-788004
-787968
-787924
-787928
-787840
-787796
-787744
-787852
-787644
-787588
-787632
-787600
-787888
-788036
-787960
-787948
-787940
-788124
-787916
-787804
-787720
-787688
-787868
-787872
-787972
-787928
-787688
-787976
-787976
-787992
-787948
-787964
-787928
-787948
-787836
-787904
-787828
-787752
-787780
-787832
-787740
-787724
-787496
-787372
-787392
-787348
-787472
-787656
-787752
-787772
-787972
-788004
-788164
-788104
-788148
-787964
-788092
-788036
-787980
-788012
-788056
-788132
-788044
-787816
-787816
-787932
-787856
-787812
-787788
-787820
-787880
-787992
-787896
-787792
-787764
-787792
-787832
-787820
-787684
-787628
-787576
-787444
-787416
-787532
-787588
-787620
-787624
-787840
-787860
-787964
-787868
-787840
-787832
-787868
-787844
-787912
-787784
-787888
-787888
-787724
-787492
-787580
-787696
-787556
-787716
-787832
-787572
-787716
-787900
-788104
-788004
-788044
-787964
-787956
-787960
-787828
-787840
-787748
-787716
-787820
-787928
-787948
-787836
-787792
-787916
-788016
-788104
-788068
-788156
-788068
-787948
-787904
-787780
-787824
-787708
-787620
-787488
-787636
-787624
-787644
-787488
-787320
-787236
-787516
-787696
-787588
-787632
-787520
-787496
-787200
-787112
-787076
-787212
-787216
-787208
-787336
-787284
-787112
-787164
-787236
-787144
-787292
-787304
-787188
-787232
-787112
-787048
-787116
-787092
-787012
-787032
-787060
-786824
-786772
-786660
-786736
-786780
-786784
-786844
-786792
-786636
-786580
-786636
-786696
-786692
-786808
-786884
-786816
-786840
-786748
-786904
-786876
-786804
-786680
-786368
-786424
-786340
-786448
-786292
-786340
-786312
-786524
-786616
-786656
-786536
-786652
-786840
-786776
-786868
-786976
-786940
-786892
-787244
-787032
-787192
-787256
-787116
-787204
-787144
-787164
-787124
-787132
-787032
-787080
-787076
-787088
-787048
-787100
-787172
-787256
-787148
-786984
-787032
-786972
-787072
-787020
-786936
-786832
-786784
-786908
-787064
-787076
-786912
-786956
-786704
-786948
-787020
-787088
-787048
-787140
-787276
-787348
-786980
-786832
-786672
-786672
-786560
-786720
-786740
-786836
-786616
-786544
-786476
-786488
-786320
-786412
-786520
-786316
-786332
-786348
-786628
-786644
-786572
-786512
-786572
-786684
-786808
-786936
-787076
-787012
-786988
-786980
-786960
-786672
-786684
-786700
-786636
-786656
-786704
-786712
-786708
-786740
-786680
-786624
-786720
-786576
-786396
-786356
-786424
-786592
-786488
-786472
-786212
-786256
-786216
-786312
-786536
-786428
-786748
-786576
-786576
-786704
-786924
-786892
-786884
-786816
-786844
-786840
-787004
-787284
-787444
-787496
-787588
-787708
-787592
-787644
-787644
-787504
-787320
-787244
-787188
-787240
-787148
-787056
-786972
-787000
-786880
-786836
-786860
-786884
-786864
-786904
-786820
-786808
-786528
-786568
-786480
-786528
-786420
-786456
-786408
-786384
-786332
-786204
-786576
-786540
-786616
-786656
-786620
-786616
-786760
-786684
-786648
-786696
-786576
-786576
-786696
-786648
-786684
-786688
-786820
-786868
-786788
-786888
-787052
-786960
-786916
-787260
-787224
-787064
-787356
-787080
-787056
-787120
-787068
-787008
-787036
-786940
-786988
-786956
-787140
-787172
-787196
-787112
-786944
-787028
-787144
-787024
-787240
-787232
-787384
-787252
-787124
-787012
-787048
-787108
-786720
-786712
-786828
-786876
-786836
-787076
-786960
-786948
-786972
-787116
-787268
-787316
-787396
-787408
-787480
-787212
-787308
-787320
-787244
-787092
-787080
-787304
-787376
-787148
-787140
-787320
-787208
-787224
-787240
-787252
-787204
-787280
-787264
-787316
-787304
-787396
-787404
-787376
-787192
-787152
-786996
-787000
-786768
-786860
-786996
-786772
-786736
-786796
-786768
-786760
-786712
-786876
-786928
-786936
-787032
-786888
-786816
-786820
-786788
-786784
-786948
-786796
-786712
-786576
-786576
-786424
-786480
-786444
-786400
-786308
-786284
-786452
-786348
-786216
-786144
-786116
-786104
-786248
-786172
-786264
-786328
-786324
-786160
-786308
-786548
-786680
-786704
-786708
-786624
-786456
-786416
-786352
-786268
-786212
-786308
-786472
-786388
-786488
-786672
-786700
-786600
-786576
-786584
-786792
-786760
-786848
-786728
-786676
-786724
-786704
-786748
-786708
-786664
-786512
-786352
-786360
-786460
-786292
-786388
-786276
-786304
-785928
-785964
-786028
-786388
-786392
-786396
-786448
-786556
-786580
-786628
-786372
-786564
-786632
-786604
-786748
-786664
-786744
-786720
-786836
-786936
-786652
-786568
-786428
-786456
-786316
-786468
-786572
-786584
-786468
-786088
-786212
-786260
-786348
-786336
-786284
-786464
-786596
-786712
-786980
-787156
-787092
-787180
-787124
-787140
-787172
-787048
-786932
-786812
-786936
-786952
-786920
-786940
-786696
-786680
-786616
-786612
-786640
-786328
-786176
-786248
-786180
-786288
-786348
-786268
-786364
-786460
-786404
-786304
-786560
-786568
-786572
-786584
-786496
-786524
-786456
-786188
-786056
-785980
-785988
-786048
-786148
-786076
-785960
-786020
-785976
-785972
-786016
-785556
-785472
-785648
-785616
-785612
-785688
-785772
-785792
-785800
-785832
-785760
-785752
-785744
-785716
-785672
-785856
-785960
-785996
-785868
-785780
-785840
-785680
-785564
-785628
-785716
-785664
-785680
-785556
-785456
-785640
-785508
-785532
-785512
-785428
-785492
-785372
-785412
-785484
-785628
-785556
-785504
-785624
-785584
-785532
-785668
-785828
-785728
-785732
-785760
-785688
-785848
-785804
-785860
-786028
-786072
-786008
-785936
-785968
-786072
-786204
-786332
-786324
-786396
-786280
-786144
-786116
-786048
-785944
-785952
-785916
-785852
-785868
-785808
-785700
-785764
-785724
-785700
-785668
-785580
-785504
-785480
-785456
-785428
-785332
-785360
-785392
-785424
-785464
-785412
-785372
-785480
-785484
-785392
-785344
-785408
-785280
-785304
-785276
-785340
-785360
-785224
-785332
-785396
-785488
-785400
-785344
-785368
-785280
-785192
-785088
-785204
-785076
-785104
-784968
-784928
-785232
-785308
-785256
-785252
-785332
-785348
-785324
-785132
-785204
-785296
-785172
-785188
-785124
-785140
-785180
-785168
-785236
-785272
-785204
-785112
-785140
-785036
-784976
-784940
-784856
-784876
-785060
-784876
-784824
-784928
-784844
-784696
-784804
-784992
-784984
-784884
-785016
-784900
-785020
-784976
-784864
-784816
-784808
-784804
-784736
-784664
-784652
-784592
-784652
-784676
-784692
-785044
-785124
-785364
-785496
-785456
-785584
-785728
-785764
-785728
-785748
-785776
-785948
-785888
-785916
-785796
-785768
-785620
-785720
-785736
-785864
-785912
-785768
-785912
-786040
-786052
-785868
-785876
-785896
-785900
-785760
-785800
-785960
-785784
-785816
-785672
-785572
-785728
-785812
-785872
-785960
-785976
-786168
-786180
-786168
-786052
-786148
-786108
-786184
-786180
-786284
-786460
-786468
-786564
-786432
-786300
-786144
-786228
-786264
-786184
-786288
-786528
-786476
-786360
-786312
-786384
-786316
-786380
-786196
-786132
-786160
-786052
-786056
-786016
-785912
-785948
-785720
-785712
-785668
-785812
-785692
-785772
-785880
-785964
-785916
-785900
-785888
-785928
-786076
-786140
-786124
-786112
-786116
-786092
-786044
-786084
-786104
-786152
-786188
-786024
-786040
-785968
-785944
-786164
-786276
-786248
-786164
-786280
-786312
-786420
-786416
-786464
-786408
-786444
-786368
-786440
-786332
-786244
-786428
-786328
-786260
-786280
-786384
-785992
-786144
-786028
-785856
-785756
-785776
-785804
-785756
-785644
-785692
-785712
-785848
-785860
-785680
-785832
-785856
-785892
-785904
-786016
-786100
-786056
-785936
-786040
-785956
-785988
-785964
-786320
-786276
-786264
-786308
-786432
-786276
-786316
-786368
-786356
-786340
-786104
-786064
-786352
-786288
-786000
-786016
-786024
-786156
-785952
-785908
-785912
-785832
-785888
-785744
-785608
-785640
-785636
-785392
-785512
-785584
-785516
-785420
-785456
-785348
-785292
-785436
-785460
-785544
-785348
-785232
-785188
-785128
-785056
-785068
-784920
-784984
-784968
-784820
-784840
-784720
-784776
-784760
-784816
-784740
-784820
-784744
-784800
-784700
-784604
-784688
-784648
-784688
-784716
-784664
-784632
-784780
-784700
-784860
-784744
-784596
-784544
-784868
-784872
-784980
-784968
-784812
-784908
-785000
-785024
-784968
-785068
-785344
-785372
-785308
-785332
-785228
-785220
-785332
-785152
-785240
-785192
-784940
-785156
-785196
-785112
-785044
-784872
-784740
-784812
-784848
-784912
-784844
-784768
-784892
-784984
-785160
-785188
-785216
-785196
-785200
-785164
-785068
-785212
-785052
-785060
-785080
-785148
-785092
-785176
-785168
-784956
-784912
-784952
-784896
-784892
-785044
-785144
-785188
-785068
-785100
-785192
-785016
-784860
-784960
-784800
-784832
-784800
-784860
-784840
-784740
-784916
-785128
-785092
-784836
-784692
-784736
-784724
-784788
-784660
-784732
-784688
-784644
-784500
-784488
-784492
-784552
-784504
-784316
-784192
-784344
-784224
-784260
-784196
-784148
-784124
-784036
-783960
-784048
-783996
-783924
-783940
-784184
-784000
-784132
-784176
-784216
-784388
-784320
-784572
-784460
-784340
-784204
-784256
-784492
-784500
-784588
-784540
-784544
-784608
-784656
-784808
-784756
-784828
-784820
-784800
-784616
-784520
-784544
-784480
-784520
-784852
-784856
-784928
-784776
-784696
-784688
-784692
-784064
-783980
-784080
-784092
-783992
-784008
-783712
-783616
-783668
-783656
-783864
-783896
-783944
-783972
-783816
-783868
-784024
-783936
-783836
-783996
-783940
-783744
-783700
-783708
-783556
-783720
-783848
-783740
-783824
-784012
-783980
-784044
-783808
-783752
-783924
-783880
-783852
-783964
-783932
-783868
-783880
-783888
-783908
-783908
-783840
-783820
-783836
-783824
-783728
-783608
-783420
-783512
-783432
-783504
-783612
-783680
-783672
-783656
-783628
-783804
-783944
-783868
-783796
-783796
-783828
-783756
-783816
-783932
-784064
-784128
-783900
-784004
-784008
-784056
-783960
-784012
-784048
-784164
-784160
-784180
-784124
-784196
-784368
-784680
-784680
-784648
-784692
-785060
-784940
-784872
-784956
-784852
-784900
-784904
-784872
-785036
-785108
-785156
-785164
-785412
-785440
-785468
-785480
-785300
-785268
-785308
-785404
-785304
-785244
-785112
-784960
-785076
-785060
-785024
-785048
-785088
-784908
-785096
-785164
-785036
-785080
-785260
-785380
-785252
-785328
-785520
-785532
-785496
-785344
-785312
-785288
-785252
-785232
-785276
-785364
-785432
-785420
-785252
-785120
-785168
-785180
-785128
-785392
-785380
-785424
-785440
-785528
-785388
-785356
-785424
-785440
-785488
-785460
-785272
-785308
-785236
-785236
-785136
-785180
-785232
-785040
-784988
-784964
-785036
-785016
-784860
-784920
-784836
-784864
-784852
-784908
-784944
-785028
-785152
-785220
-785152
-785232
-785104
-784992
-785000
-785052
-785224
-785048
-785116
-785008
-784992
-784976
-785004
-784956
-785040
-785072
-784964
-784956
-785004
-784988
-784888
-784924
-784916
-784888
-784820
-784724
-784712
-784696
-784696
-784792
-784872
-785024
-785044
-785124
-785196
-785212
-785232
-785240
-785292
-784984
-785104
-785212
-785248
-785392
-785404
-785372
-785252
-785284
-785272
-785268
-785164
-785176
-785208
-785240
-785340
-785460
-785456
-785396
-785348
-785276
-785304
-785396
-785444
-785408
-785424
-785400
-785436
-785480
-785344
-785044
-785064
-784976
-784884
-784988
-784924
-784916
-784820
-784896
-784784
-784952
-784936
-784892
-785020
-785144
-785160
-785296
-785248
-785140
-784920
-784972
-784916
-784924
-784864
-784796
-784788
-784792
-784748
-784800
-784832
-784748
-784856
-784884
-784828
-784876
-784864
-784852
-784828
-784832
-784560
-784552
-784564
-784588
-784612
-784608
-784788
-784748
-784776
-784748
-784752
-784880
-784928
-784992
-785176
-785156
-785176
-785204
-785260
-785196
-785116
-785172
-785088
-784952
-785004
-784964
-785000
-785076
-785100
-785008
-785056
-785120
-785260
-785340
-785396
-785120
-785120
-785456
-785528
-785564
-785408
-785280
-785200
-785084
-785184
-785252
-785252
-785204
-785200
-785228
-785440
-785564
-785588
-785476
-785376
-785424
-785364
-785484
-785528
-785500
-785520
-785444
-785516
-785244
-785212
-785172
-785380
-785308
-785332
-785120
-785236
-785300
-785144
-785096
-785192
-785228
-785192
-785224
-785324
-785152
-785176
-785204
-785004
-785096
-785228
-785248
-785260
-784984
-785048
-785252
-785232
-785272
-785080
-785016
-784912
-784892
-784964
-784924
-785048
-785100
-785488
-785620
-785560
-785536
-785532
-785588
-785888
-785684
-785620
-785424
-785220
-785180
-785224
-785204
-785072
-784940
-784776
-784740
-784640
-784568
-784516
-784568
-784492
-784532
-784436
-784384
-784484
-784600
-784584
-784572
-784588
-784752
-784696
-784616
-784540
-784660
-784664
-784764
-784820
-784872
-784828
-784868
-784744
-784620
-784576
-784576
-784372
-784248
-784356
-784308
-784300
-784120
-784144
-784152
-784128
-784088
-783896
-784016
-784040
-783988
-783800
-783680
-783644
-783772
-783728
-783628
-783436
-783604
-783504
-783252
-783496
-783424
-783300
-783192
-783188
-783188
-783128
-782972
-782848
-783000
-783048
-783180
-783160
-783376
-783432
-783520
-783324
-783344
-783228
-783348
-783524
-783524
-783632
-783672
-783784
-783724
-783712
-783704
-783576
-783524
-783604
-783584
-783604
-783676
-783804
-783748
-784012
-783844
-783856
-783888
-783720
-783680
-783724
-783836
-783880
-783852
-784032
-784044
-784048
-783992
-783860
-783748
-783768
-783880
-783912
-783864
-784096
-784224
-784500
-784448
-784472
-784400
-784372
-784244
-784248
-784272
-784032
-783852
-783932
-783840
-783776
-783668
-783500
-783616
-783544
-783524
-783504
-783400
-783356
-783284
-783296
-783512
-783416
-783076
-783016
-782996
-782880
-782972
-782972
-782908
-782804
-782744
-782636
-782612
-782652
-782672
-782576
-782448
-782496
-782396
-782368
-782352
-782368
-782328
-782524
-782620
-782604
-782676
-782584
-782520
-782464
-782564
-782412
-782472
-782492
-782512
-782596
-782536
-782740
-782568
-782640
-782852
-782708
-782652
-782592
-782692
-782672
-782724
-782924
-782904
-782840
-782948
-782960
-782820
-782776
-782724
-782688
-782516
-782860
-782776
-782588
-782664
-782676
-782636
-782664
-782492
-782480
-782576
-782612
-782568
-782648
-782580
-782680
-782552
-782152
-781996
-782004
-781920
-781832
-781724
-781728
-781704
-781824
-781784
-781788
-781588
-781560
-781588
-781744
-781784
-781812
-781948
-782076
-782364
-782356
-782568
-782380
-782560
-782628
-782524
-782520
-782504
-782556
-782524
-782376
-782416
-782328
-782316
-782224
-782548
-782704
-782816
-782996
-783040
-783004
-783052
-782852
-782744
-782636
-782496
-782508
-782528
-782588
-782724
-782732
-782812
-782840
-782960
-782828
-782876
-782956
-783120
-783156
-783148
-783140
-783088
-783132
-783164
-783004
-783020
-783196
-783168
-783280
-783356
-783676
-783748
-783832
-783816
-783740
-784016
-783900
-784060
-784072
-784128
-784524
-784448
-784556
-784460
-784484
-784644
-784584
-784452
-784412
-784472
-784464
-784516
-784708
-784556
-784752
-784828
-784820
-784700
-784612
-784236
-784272
-784268
-784272
-784108
-784060
-784112
-784192
-784112
-784008
-783812
-783932
-783828
-783824
-783724
-783772
-783672
-783460
-783364
-783216
-783088
-783000
-782888
-782888
-783040
-782936
-783092
-783328
-783260
-783264
-783244
-783364
-783356
-783360
-783372
-783156
-783224
-783264
-783336
-783168
-782964
-783048
-783060
-782972
-783044
-783152
-783216
-783304
-783328
-783428
-783536
-783596
-783628
-783564
-783660
-783708
-783820
-783932
-783744
-783700
-783692
-783520
-783540
-783580
-783448
-783576
-783528
-783640
-783500
-783472
-783524
-783596
-783692
-783764
-783784
-783748
-783576
-783500
-783524
-783524
-783552
-783448
-783584
-783624
-783616
-783612
-783816
-783860
-783684
-783500
-783492
-783420
-783480
-783484
-783372
-783372
-783416
-783504
-783280
-783252
-783404
-783324
-783220
-783260
-783204
-783092
-783112
-782992
-783084
-783156
-783256
-783356
-783176
-783000
-782960
-782964
-782856
-782800
-782820
-782572
-782628
-782648
-782704
-782680
-782776
-782840
-782668
-782564
-782700
-782672
-782508
-782428
-782460
-782408
-782320
-782332
-782344
-782264
-782272
-782416
-782332
-782296
-782340
-782312
-782292
-782432
-782460
-782496
-782556
-782528
-782476
-782492
-782404
-782020
-782072
-782160
-782244
-782348
-782352
-782396
-782448
-782440
-782544
-782612
-782432
-782284
-782284
-782392
-782232
-782088
-781988
-781924
-782032
-782008
-782076
-782016
-782112
-782220
-782120
-782060
-782028
-781888
-781840
-781480
-781460
-781248
-781408
-781664
-781640
-781660
-781500
-781480
-781240
-781096
-781120
-781120
-781004
-780944
-781032
-781004
-780996
-781048
-781332
-781440
-781572
-781528
-781208
-781220
-781248
-781432
-781524
-781664
-781740
-781836
-781736
-781816
-781736
-781776
-781948
-781944
-782084
-782056
-782052
-782224
-782244
-782228
-782228
-782252
-782116
-781872
-781916
-781784
-781916
-781984
-782104
-782136
-782152
-782184
-782080
-782176
-782152
-782180
-782148
-782380
-782284
-782264
-782260
-782292
-782348
-782052
-782024
-782020
-782044
-781972
-782312
-782496
-782600
-782668
-782560
-782624
-782732
-782772
-782628
-782600
-782628
-782728
-782636
-782524
-782404
-782240
-782116
-782200
-782196
-782124
-782076
-782164
-781996
-782196
-782244
-782140
-782212
-782268
-782408
-782312
-782200
-782156
-782000
-781716
-781708
-781832
-781908
-782148
-782084
-782020
-782004
-782016
-781860
-781880
-781880
-781844
-782036
-782188
-782180
-782144
-782080
-782064
-782180
-782148
-782168
-782172
-782232
-782412
-782428
-782484
-782392
-782220
-782172
-782136
-782132
-782176
-782128
-782192
-782192
-781940
-781768
-781744
-781716
-781828
-781640
-781680
-781816
-782000
-781776
-781748
-781776
-781720
-781712
-781716
-781784
-781752
-781648
-781516
-781728
-781832
-781816
-781836
-781784
-781680
-781760
-781716
-781860
-781872
-782040
-782044
-782036
-782104
-782112
-782036
-782144
-782152
-782200
-782280
-782284
-782288
-782408
-782380
-782272
-782184
-782136
-782176
-782292
-782260
-782124
-782172
-781980
-782188
-782156
-781912
-782080
-782116
-782132
-782040
-782096
-782172
-782292
-782228
-782392
-782424
-782468
-782312
-782344
-782176
-782240
-782284
-782280
-782240
-782264
-782304
-782280
-782420
-782536
-782532
-782492
-782548
-782540
-782560
-782784
-782768
-782768
-782624
-782564
-782584
-782604
-782712
-782656
-782472
-782356
-782488
-782624
-782672
-782544
-782736
-782852
-782744
-782724
-782716
-782752
-782776
-782812
-782784
-782896
-783108
-783032
-783084
-783052
-783080
-783236
-783244
-783292
-783424
-783524
-783564
-783516
-783656
-783688
-783488
-783540
-783568
-783760
-783640
-783576
-783628
-783668
-783468
-783388
-783312
-783396
-783440
-783272
-783280
-783212
-783196
-783100
-783036
-783024
-783044
-783208
-783172
-783260
-783428
-783324
-783328
-783300
-783428
-783472
-783332
-782948
-782932
-782684
-782468
-782452
-782576
-782444
-782424
-782520
-782656
-782556
-782996
-783012
-783052
-782972
-783024
-783024
-783100
-782968
-783088
-783236
-783120
-783116
-783244
-783268
-783128
-783092
-783124
-783180
-783268
-783724
-783548
-783508
-783660
-783740
-783732
-783780
-783636
-783596
-783608
-783572
-783744
-783800
-783780
-783832
-783908
-783780
-783764
-783584
-783820
-783816
-783872
-783896
-783868
-783968
-783864
-784024
-783976
-784124
-784148
-784192
-784272
-784076
-783976
-783964
-783928
-783820
-783680
-783672
-783840
-783760
-783856
-783892
-783836
-784132
-784124
-784164
-783976
-784040
-784060
-784436
-784376
-784300
-784268
-784196
-784232
-784160
-784128
-783896
-783680
-783560
-783500
-783308
-783108
-782928
-782744
-782660
-782552
-782464
-782572
-782684
-782600
-782468
-782532
-782472
-782544
-782456
-782420
-782372
-782584
-782584
-782668
-782688
-782784
-782504
-782512
-782644
-782700
-782716
-782636
-782608
-782572
-782436
-782524
-782580
-782580
-782556
-782460
-782508
-782640
-782508
-782632
-782524
-782528
-782540
-782572
-782496
-782728
-782456
-782212
-782184
-782096
-782132
-782068
-782028
-781972
-781928
-781844
-781844
-781768
-781748
-781744
-781700
-781732
-781676
-781644
-781580
-781568
-781572
-781632
-781608
-781480
-781500
-781600
-781716
-781656
-781740
-781696
-781708
-781628
-781508
-781476
-781584
-781240
-781412
-781444
-781484
-781508
-781444
-781460
-781428
-781428
-781348
-781320
-781568
-781928
-782056
-782132
-782128
-782220
-782220
-782152
-782224
-782180
-782160
-782256
-782392
-782304
-782128
-781948
-781828
-781796
-781832
-781808
-781784
-781844
-781952
-781872
-781920
-782008
-782064
-782088
-782104
-782008
-782036
-781900
-781856
-782200
-782108
-782192
-782344
-782252
-782208
-782248
-782260
-782012
-781920
-781824
-781736
-781768
-781664
-781672
-781712
-781804
-781696
-781660
-781728
-781752
-781800
-782164
-782152
-782020
-782072
-782000
-781836
-782092
-782240
-782008
-782016
-782044
-782084
-782096
-782024
-781936
-781900
-781816
-781608
-781712
-781632
-781768
-781872
-782032
-782056
-781976
-782048
-782028
-781932
-782068
-782036
-782016
-782044
-782120
-782132
-782272
-782188
-782204
-782056
-782008
-782152
-782036
-782112
-782068
-781976
-782000
-781996
-782012
-782200
-782068
-782052
-782012
-782088
-782140
-782144
-782220
-782280
-782316
-782360
-782440
-782240
-782268
-782288
-782312
-782240
-782300
-782232
-782256
-782124
-782252
-782280
-782236
-782296
-782424
-782576
-782716
-782732
-782564
-782512
-782756
-782852
-782740
-782772
-782724
-782564
-782624
-782488
-782376
-782480
-782616
-782496
-782556
-782544
-782564
-782588
-782612
-782980
-783072
-782980
-783076
-783148
-783148
-783064
-783176
-783076
-783092
-783096
-783020
-783176
-782916
-783192
-783380
-783552
-783544
-783496
-783756
-783960
-783968
-784020
-784116
-784060
-784012
-783792
-783824
-783756
-783776
-783808
-783812
-783984
-784008
-783940
-783912
-784020
-783940
-783752
-783708
-784012
-784008
-784068
-784180
-784160
-783856
-783808
-783832
-783776
-783760
-783780
-783960
-784028
-783920
-783904
-783932
-784132
-784040
-784308
-784328
-784200
-784012
-783960
-784212
-784208
-784268
-784372
-784436
-784368
-784332
-784376
-784496
-784496
-784536
-784568
-784716
-784592
-784828
-784768
-784624
-784548
-784540
-784500
-784628
-784864
-784788
-784852
-784748
-784628
-784708
-784664
-784584
-784396
-784296
-784196
-784188
-784080
-783796
-783684
-783500
-783556
-783708
-783696
-783716
-783712
-783712
-783700
-783760
-783796
-783868
-783848
-783688
-783648
-783500
-783492
-783384
-783464
-783696
-783588
-783504
-783448
-783524
-783496
-783412
-783400
-783288
-783260
-783300
-783400
-783496
-783436
-783556
-783476
-783516
-783440
-783420
-783616
-783584
-783652
-783588
-783544
-783328
-783236
-783264
-783380
-783244
-783300
-783364
-783296
-783360
-783288
-783300
-783268
-783232
-783132
-783156
-783308
-783148
-783064
-782960
-782984
-782860
-782772
-782752
-782728
-782672
-782588
-782564
-782412
-782536
-782432
-782360
-782240
-782360
-782364
-782364
-782408
-782436
-782428
-782396
-782496
-782516
-782528
-782388
-782408
-782424
-782316
-782516
-782280
-782368
-782336
-782312
-782300
-782264
-782288
-782328
-782248
-782280
-782188
-782344
-782208
-782248
-782168
-781924
-781696
-781808
-781724
-781816
-781800
-781912
-781856
-782004
-782056
-781824
-781680
-781748
-781716
-781700
-781584
-781708
-781888
-781916
-781940
-781896
-781944
-781900
-782156
-782116
-782192
-782260
-782092
-782064
-782140
-782172
-782304
-782488
-782604
-782604
-782672
-782816
-782876
-782448
-782584
-782720
-782692
-782692
-782464
-782400
-782480
-782440
-782396
-782480
-782432
-782336
-782208
-782096
-781988
-782008
-782000
-781896
-781936
-781828
-781868
-781840
-781708
-781756
-781864
-781864
-781852
-781784
-781824
-781956
-782048
-781912
-781624
-781436
-781464
-781452
-781592
-781604
-781652
-781652
-781696
-781808
-781648
-781680
-781616
-781612
-781552
-781532
-781560
-781484
-782188
-782156
-781952
-782048
-782228
-782272
-782220
-782328
-782144
-782248
-782200
-782256
-782480
-782488
-782700
-782764
-782760
-782824
-782948
-783008
-783076
-783076
-783124
-783084
-783248
-783252
-783304
-783460
-783456
-783520
-783572
-783560
-783592
-783636
-783668
-783672
-783780
-783660
-783800
-783608
-783640
-783672
-783720
-784144
-784160
-784100
-784048
-784096
-784032
-783980
-783944
-783888
-783644
-783656
-783628
-783448
-783476
-783424
-783532
-783568
-783544
-783556
-783460
-783492
-783588
-783392
-783464
-783456
-783516
-783568
-783540
-783468
-783436
-783416
-783316
-783128
-783064
-782980
-783092
-783232
-783196
-783168
-783204
-783144
-783068
-783040
-782940
-782984
-782968
-783040
-783112
-783128
-783132
-783344
-783316
-783440
-783476
-783400
-783496
-783568
-783416
-783460
-783232
-783344
-783456
-783516
-783436
-783280
-783364
-783368
-783448
-783448
-783460
-783488
-783508
-783460
-783612
-783620
-783728
-783760
-783724
-783764
-783604
-783756
-783708
-783608
-783604
-783856
-783864
-783856
-783536
-783388
-783296
-783408
-783400
-783208
-783328
-783480
-783376
-783460
-783340
-783392
-783620
-783816
-783920
-783944
-784004
-784064
-784016
-784132
-784196
-784232
-784248
-784272
-784308
-784404
-784500
-784736
-784800
-784756
-784684
-784812
-784816
-784804
-784816
-784844
-784796
-784868
-784872
-784868
-784924
-784960
-784948
-785096
-784836
-784880
-784664
-784764
-784548
-784784
-784840
-784648
-784692
-784696
-784628
-784652
-784632
-784672
-784804
-784852
-784864
-784804
-784660
-784748
-784704
-784772
-784724
-784816
-784748
-784696
-784772
-784868
-785032
-784736
-784656
-784588
-784636
-784792
-784812
-784736
-784808
-784804
-784844
-784848
-784700
-784588
-784700
-784816
-784776
-784812
-784796
-784892
-784980
-784904
-784780
-784828
-784832
-784784
-784760
-784672
-784636
-784536
-784432
-784412
-784180
-784260
-784332
-784396
-784524
-784532
-784472
-784424
-784604
-784572
-784476
-784516
-784784
-784772
-784692
-784660
-784712
-784928
-784992
-785060
-784920
-784624
-784608
-784592
-784612
-784644
-784668
-784668
-784756
-784620
-784652
-784760
-784616
-784476
-784496
-784500
-784656
-784612
-784508
-784564
-784696
-784768
-784416
-784520
-784580
-784628
-784768
-784820
-784984
-785088
-785028
-785116
-785024
-784988
-785044
-785044
-785068
-785048
-784960
-784928
-784896
-785032
-785000
-785048
-785096
-784960
-784980
-784832
-784852
-784912
-785032
-784692
-784776
-784608
-784656
-784836
-784784
-784804
-785056
-784992
-785024
-785096
-785200
-785196
-785176
-785548
-785604
-785768
-785668
-785640
-785512
-785476
-785632
-785536
-785624
-785636
-785676
-785656
-785648
-785528
-785580
-785668
-785548
-785416
-785264
-785188
-785068
-785192
-785148
-785384
-785468
-785496
-785528
-785724
-785700
-785636
-785660
-785680
-785568
-785500
-785508
-785592
-785500
-785520
-785584
-785752
-785732
-785540
-785468
-785584
-785468
-785660
-785596
-785476
-785400
-785416
-785360
-785408
-785396
-785364
-785512
-785464
-785412
-785192
-785336
-785256
-785268
-785268
-785280
-784980
-784952
-785000
-785044
-784928
-784904
-784784
-784884
-785028
-785048
-785056
-785044
-784844
-784732
-784788
-784788
-784812
-784748
-784616
-784736
-784672
-784752
-784676
-784532
-784360
-784416
-784288
-784304
-784304
-784204
-784104
-784044
-783884
-784056
-784068
-784100
-784260
-784192
-784212
-784232
-784320
-783964
-783948
-784088
-784100
-783880
-783884
-783944
-783788
-783628
-783744
-783748
-783668
-783708
-783696
-783724
-783772
-783756
-783760
-783928
-783984
-783960
-783952
-783816
-783820
-783764
-783740
-783628
-783672
-783796
-783804
-783828
-783892
-783848
-783932
-783736
-783664
-783880
-783912
-783900
-784036
-784100
-784244
-784092
-784000
-784124
-783932
-783716
-783956
-784176
-784236
-784264
-784152
-784112
-784216
-784200
-784252
-784180
-784200
-784124
-784148
-784364
-784432
-784476
-784512
-784700
-784664
-784708
-784524
-784576
-784500
-784452
-784552
-784688
-784636
-784848
-784616
-784620
-784700
-784764
-784628
-784680
-784728
-784820
-784860
-784948
-785024
-784840
-784788
-784772
-784776
-785152
-785172
-785152
-785120
-785136
-785152
-784976
-785008
-785212
-785068
-785108
-785108
-785140
-785056
-784924
-784848
-785040
-785292
-785228
-785204
-785116
-784980
-785048
-785096
-785504
-785568
-785464
-785528
-785624
-785776
-785684
-785564
-785656
-785568
-785396
-785292
-785272
-785268
-785212
-785112
-785168
-785272
-785292
-785348
-785424
-785392
-785596
-785636
-785632
-785676
-785764
-785752
-785836
-785856
-785748
-785668
-785764
-785816
-785884
-785788
-785932
-785916
-785912
-785840
-785808
-785732
-785680
-785640
-785812
-785796
-785772
-785924
-786020
-786156
-786056
-785988
-785912
-785952
-786112
-786208
-786048
-785956
-785956
-785916
-786104
-786140
-786188
-786176
-786272
-786232
-786212
-785996
-786180
-786116
-786096
-786088
-785940
-785884
-785904
-785948
-785860
-785876
-786040
-786004
-785924
-785740
-785764
-785748
-785776
-785808
-785764
-785684
-785868
-785864
-785852
-786024
-786004
-785916
-785892
-786012
-786000
-786252
-786252
-786156
-786372
-786308
-786396
-786564
-786512
-786476
-786440
-786496
-786300
-786340
-786368
-786284
-786140
-785988
-785968
-785840
-785680
-785708
-785840
-785812
-785852
-785992
-786096
-785996
-786032
-786132
-786248
-786212
-786120
-786136
-786216
-786180
-786224
-786232
-786296
-786252
-786140
-786212
-786252
-786240
-786300
-786272
-786116
-786112
-786012
-786056
-785900
-785824
-785432
-785436
-785604
-785664
-785648
-785864
-785928
-786192
-786064
-786084
-786200
-786096
-786096
-785764
-785860
-785740
-785776
-785716
-785668
-785568
-785564
-785472
-785512
-785636
-785628
-785624
-785556
-785544
-785500
-785428
-785524
-785628
-785584
-785512
-785560
-785616
-785732
-785816
-785848
-785808
-785748
-785800
-785608
-785668
-785752
-785768
-785772
-785652
-786032
-786116
-786004
-786000
-786040
-786096
-786088
-786316
-786484
-786360
-786484
-786520
-786584
-786520
-786564
-786596
-786660
-786716
-786864
-786532
-786672
-786532
-786796
-786652
-786620
-786544
-786484
-786584
-786548
-786420
-786432
-786488
-786368
-786252
-786300
-786328
-786180
-786172
-786116
-786256
-786156
-786260
-786372
-786200
-786008
-785952
-785960
-785864
-786020
-785820
-785892
-786100
-786180
-786192
-786056
-786040
-785844
-785876
-786200
-786140
-786192
-786228
-786268
-785816
-785668
-785568
-785608
-785736
-785704
-785688
-785736
-785652
-785692
-785840
-785868
-785932
-785824
-785960
-786072
-786168
-786268
-786208
-786184
-786036
-785928
-785932
-785864
-786008
-785852
-785784
-785656
-785780
-785816
-785764
-785724
-785788
-786044
-785580
-785608
-785624
-785692
-785752
-785768
-785772
-785856
-785876
-785956
-785996
-785948
-786312
-786444
-786464
-786420
-786476
-786632
-786592
-786424
-786340
-786460
-786504
-786448
-786360
-786280
-786344
-786324
-786356
-786248
-786172
-786112
-786248
-786332
-786380
-786244
-786372
-786364
-786308
-786144
-786276
-786648
-786724
-786728
-786768
-786756
-786704
-786696
-786712
-786752
-786856
-786836
-786800
-786716
-786736
-786700
-786744
-786836
-786756
-786732
-786736
-786736
-786624
-786516
-786492
-786560
-786656
-786604
-786504
-786456
-786552
-786496
-786364
-786372
-786300
-786300
-786048
-786068
-786000
-785844
-785780
-785800
-785728
-785740
-785712
-785736
-785700
-785888
-785780
-785816
-785784
-785484
-785620
-785700
-785676
-785568
-785432
-785460
-785692
-785656
-785608
-785604
-785604
-785620
-785592
-785628
-785792
-785720
-785820
-785872
-785876
-785808
-785760
-785752
-785796
-785732
-785784
-785792
-785824
-786016
-786140
-786184
-786112
-786068
-786268
-786396
-786380
-786336
-786276
-786208
-786188
-786244
-786120
-786108
-786264
-786304
-786476
-786236
-786304
-786228
-786224
-786180
-786108
-786168
-786076
-786032
-786016
-786088
-786208
-786252
-786288
-786264
-786108
-786100
-786160
-786116
-786132
-786028
-785852
-785832
-785664
-785748
-785668
-785524
-785588
-785584
-785556
-785588
-785652
-785776
-785864
-785812
-785708
-786056
-786060
-786096
-786052
-786068
-785928
-785900
-785964
-785888
-785780
-785688
-785644
-785720
-785792
-785776
-785760
-785772
-785788
-785856
-785612
-785640
-785612
-785680
-785460
-785316
-785292
-785404
-785460
-785348
-785252
-785196
-785188
-785132
-784996
-784876
-785096
-785248
-785216
-785260
-785296
-785328
-785216
-785108
-785164
-785100
-785140
-785208
-785288
-785292
-785248
-785332
-785344
-785388
-785288
-785264
-785260
-785244
-785364
-785440
-785468
-785500
-785480
-785484
-785548
-785468
-785416
-785548
-785476
-785468
-785596
-785556
-785508
-785312
-785472
-785432
-785380
-785508
-785580
-785632
-785624
-785644
-785556
-785564
-785496
-785412
-785424
-785452
-785516
-785576
-785576
-785396
-785332
-785364
-785488
-785532
-785580
-785636
-785616
-785736
-785524
-785432
-785468
-785464
-785348
-785256
-785208
-785220
-785360
-785280
-785268
-785300
-785504
-785368
-785512
-785660
-785616
-785660
-785696
-785644
-785572
-785648
-785560
-785656
-785668
-785644
-785708
-786044
-785992
-785984
-785864
-785924
-786044
-785984
-786056
-786088
-785996
-786116
-786192
-785964
-786040
-786136
-786080
-786108
-786352
-786288
-786476
-786444
-786528
-786532
-786444
-786444
-786584
-786604
-786588
-786672
-786696
-786576
-786556
-786460
-786432
-786424
-786464
-786204
-786272
-786280
-786532
-786692
-786620
-786808
-786840
-786776
-786780
-786740
-786828
-786848
-786896
-786852
-786708
-786672
-786836
-786964
-787128
-787080
-787004
-786904
-786964
-787028
-787060
-786964
-787196
-787156
-787200
-787164
-787196
-787084
-787016
-787096
-787064
-787164
-787228
-787280
-787204
-787040
-786980
-787024
-787076
-786968
-787120
-787100
-786984
-787120
-787196
-787384
-787396
-787188
-787280
-787348
-787404
-787332
-787212
-787336
-787320
-787452
-787524
-787540
-787544
-787496
-787376
-787268
-787044
-787180
-787296
-787324
-787308
-787336
-787272
-787180
-787188
-787120
-787152
-787128
-787264
-787120
-787124
-787128
-787068
-787060
-787048
-787008
-786920
-786916
-786768
-786828
-787020
-786896
-786900
-786812
-786792
-786752
-786844
-786876
-786856
-786912
-786972
-786988
-787164
-787244
-787244
-787056
-787088
-787036
-787208
-787444
-787428
-787420
-787328
-787500
-787532
-787388
-787428
-787292
-787264
-787212
-787300
-787332
-787300
-787196
-787136
-787228
-787144
-787144
-787052
-787028
-786908
-786908
-786820
-786784
-786820
-786848
-786820
-786772
-786804
-786864
-787116
-786876
-786704
-786644
-786656
-786544
-786372
-786404
-786448
-786340
-786384
-786452
-786352
-786176
-786248
-786224
-786272
-786240
-786240
-786212
-786212
-786328
-786276
-786404
-786408
-786492
-786788
-786728
-786804
-786896
-786828
-786848
-787016
-786996
-786864
-786844
-786784
-786760
-786708
-786652
-786460
-786528
-786632
-786628
-786672
-786648
-786476
-786632
-786568
-786652
-786652
-786596
-786472
-786688
-786604
-786504
-786544
-786452
-786400
-786236
-786156
-786148
-786248
-786372
-786420
-786460
-786392
-786500
-786576
-786512
-786628
-786660
-786628
-786480
-786428
-786456
-786496
-786320
-786212
-786184
-786124
-786144
-786088
-786048
-786100
-786096
-786196
-786240
-786188
-786204
-786264
-786164
-786008
-785920
-785900
-785904
-785708
-785828
-785800
-785692
-785716
-785784
-785760
-785612
-785672
-785876
-785860
-785904
-785876
-785964
-785976
-785896
-785824
-785924
-786052
-786200
-786328
-786396
-786420
-786484
-786432
-786600
-786608
-786560
-786616
-786508
-786532
-786512
-786468
-786268
-786240
-786104
-786144
-786128
-786084
-786188
-786256
-786124
-785960
-785908
-785924
-785872
-785908
-785936
-785852
-785804
-785924
-785976
-786092
-786256
-786492
-786440
-786308
-786388
-786468
-786564
-786568
-786500
-786540
-786548
-786452
-786512
-786496
-786640
-786696
-786644
-786416
-786432
-786508
-786880
-787052
-786988
-787032
-786860
-786808
-786964
-786832
-786924
-786936
-786880
-786984
-787024
-787028
-786880
-786788
-786856
-786788
-786884
-786916
-787120
-787016
-787160
-787132
-786992
-786940
-786808
-786692
-786628
-786748
-786728
-786528
-786552
-786660
-786832
-786772
-786612
-786684
-786724
-786748
-786756
-786764
-786404
-786308
-786384
-786424
-786620
-786536
-786488
-786368
-786352
-786328
-786712
-786764
-786696
-786656
-786624
-786732
-786832
-787112
-787036
-786996
-787000
-787040
-787056
-786976
-786908
-786908
-786932
-786956
-786904
-786964
-787092
-787072
-786964
-787024
-787140
-787056
-786976
-787260
-787240
-787260
-787148
-787136
-787212
-787548
-787376
-787412
-787296
-787184
-787108
-787024
-787152
-787124
-787148
-787028
-787188
-787228
-787204
-787240
-787116
-787256
-787208
-787240
-787120
-787092
-787064
-787080
-787144
-787212
-787388
-787280
-787344
-787448
-787480
-787468
-787668
-787764
-787708
-787624
-787604
-787480
-787600
-787656
-787744
-787720
-787632
-787608
-787440
-787428
-787304
-787240
-787072
-787140
-787044
-787096
-787028
-787032
-786968
-786928
-786872
-786816
-786728
-786800
-786868
-786836
-786680
-786652
-786620
-786600
-786692
-786572
-786664
-786596
-786776
-786736
-786724
-786892
-786972
-787072
-787160
-787228
-787364
-787296
-787296
-787352
-787472
-787392
-787436
-787452
-787456
-787404
-787496
-787644
-788120
-788224
-788276
-788184
-788080
-788100
-788236
-788320
-788328
-788476
-788448
-788504
-788412
-788320
-788408
-788524
-788604
-788524
-788632
-788600
-788336
-788288
-788432
-788292
-788104
-787936
-788016
-788212
-788196
-788376
-788456
-788480
-788524
-788572
-788556
-788712
-788804
-788704
-788668
-788700
-788592
-788632
-788556
-788492
-788448
-788364
-788432
-788420
-788428
-788328
-788444
-788512
-788420
-788544
-788468
-788372
-788288
-788260
-788184
-788164
-788088
-788092
-788168
-788048
-787948
-787576
-787568
-787528
-787508
-787388
-787576
-787320
-787276
-787172
-787084
-787072
-786884
-786960
-786896
-786892
-786980
-787276
-787232
-787088
-787112
-786892
-786940
-786968
-786728
-786764
-786768
-786768
-787004
-787216
-787172
-787252
-787220
-787216
-787120
-787256
-787216
-787380
-787504
-787544
-787620
-787508
-787596
-787404
-787344
-787508
-787544
-787520
-787480
-787332
-787304
-787316
-787372
-787380
-787384
-787532
-787564
-787604
-787560
-787628
-787504
-787528
-787564
-787488
-787400
-787400
-787312
-787536
-787664
-787668
-787808
-787892
-787896
-787980
-787904
-787792
-787676
-787548
-787448
-787380
-787392
-787476
-787620
-787668
-787648
-787836
-787824
-788180
-788180
-788044
-788068
-788092
-788164
-788244
-788324
-788280
-788528
-788504
-788740
-788872
-788780
-788804
-788660
-788632
-788628
-788604
-788396
-788356
-788376
-788384
-788356
-788372
-788276
-788208
-788156
-788080
-787996
-787868
-787848
-787732
-787740
-787672
-787608
-787644
-787696
-787568
-787536
-787484
-787336
-787424
-787336
-787352
-787244
-787156
-787164
-787072
-787088
-787072
-787108
-787060
-787116
-787188
-787284
-787272
-787304
-787492
-787484
-787516
-787680
-787816
-787956
-788028
-788116
-788112
-788096
-788228
-788280
-788124
-787968
-787988
-787928
-788044
-788124
-788060
-787928
-787852
-787836
-787816
-787692
-788120
-788072
-788116
-788180
-788336
-788200
-787992
-787944
-787996
-787848
-787848
-787652
-787652
-787580
-787608
-787748
-787604
-787464
-787428
-787532
-787412
-787444
-787428
-787380
-787332
-787540
-787628
-787588
-787720
-787592
-787948
-787812
-787708
-787616
-787636
-787700
-787768
-787816
-787860
-787688
-787628
-787492
-787324
-787448
-787520
-787272
-787200
-787336
-787368
-787304
-787352
-787428
-787424
-787544
-787476
-787420
-787436
-787420
-787348
-787220
-787384
-787408
-787460
-787440
-787388
-787400
-787544
-787548
-787640
-787592
-787496
-787460
-787396
-787368
-787304
-787424
-787340
-787404
-787444
-787552
-787392
-787228
-787232
-787312
-787372
-787360
-787344
-787136
-787152
-787192
-787240
-787140
-787148
-787172
-787276
-787328
-787476
-787328
-787228
-787448
-787524
-787576
-787576
-787604
-787640
-787732
-787808
-787956
-787972
-788164
-788164
-788044
-788120
-788156
-788116
-788128
-788060
-788024
-788272
-788344
-788312
-788336
-788424
-788708
-788696
-788676
-788612
-788684
-788708
-788716
-788716
-788732
-788756
-788600
-788556
-788568
-788728
-788732
-788724
-788868
-788680
-788716
-788592
-788616
-788580
-788420
-788308
-788160
-788128
-788224
-788408
-788420
-788520
-788652
-788532
-788560
-788636
-788692
-788668
-788656
-788460
-788552
-788560
-788524
-788524
-788576
-788576
-788536
-788460
-788500
-788560
-788572
-788564
-788624
-788612
-788680
-788616
-788752
-788672
-788704
-788648
-788672
-788732
-788688
-788628
-788792
-788804
-788864
-788868
-789036
-789136
-789200
-789256
-789236
-789184
-788912
-788968
-788996
-788920
-788812
-788788
-788632
-788620
-788600
-788704
-788748
-788756
-788700
-788684
-788880
-788908
-788836
-788824
-788760
-788636
-788368
-788396
-788420
-788484
-788496
-788520
-788468
-788372
-788268
-788424
-788308
-788660
-788528
-788576
-788600
-788876
-789124
-789156
-789224
-789064
-789036
-788976
-788832
-788812
-788584
-788600
-788720
-788712
-788560
-788672
-788592
-788464
-788452
-788340
-788160
-788064
-788096
-788132
-788108
-787940
-787856
-787864
-787692
-787676
-787740
-787940
-787972
-787924
-788288
-788188
-788172
-788148
-788220
-788100
-788212
-788180
-788128
-788060
-788116
-787988
-787784
-787968
-787832
-787824
-787852
-787840
-787940
-787948
-787880
-787892
-787952
-787940
-788000
-787980
-788128
-788092
-788112
-788116
-788144
-788196
-788140
-788188
-788096
-787964
-788064
-788072
-788100
-788084
-788052
-788196
-787980
-787928
-787740
-787632
-787684
-787672
-787492
-787428
-787228
-787156
-787212
-787188
-787140
-787192
-787572
-787820
-787832
-787764
-787832
-787840
-787812
-787744
-787816
-787692
-787524
-787608
-787536
-787344
-787272
-787124
-787052
-787020
-787092
-787076
-787048
-787160
-787184
-787256
-787148
-787220
-787320
-787180
-787048
-787024
-786904
-786948
-787104
-787140
-786968
-787036
-786912
-786844
-786692
-786684
-786768
-786712
-786696
-786800
-786672
-786680
-786716
-786768
-786828
-786920
-786840
-786864
-786804
-786892
-786828
-786908
-786988
-787024
-786972
-786940
-786836
-786796
-786832
-786896
-786896
-786684
-786672
-786816
-786772
-786756
-787044
-786952
-787032
-787052
-786980
-787080
-787196
-787124
-787088
-787012
-786928
-787104
-787072
-787036
-787060
-787088
-786976
-787136
-786944
-786644
-786620
-786508
-786516
-786616
-786612
-786644
-786524
-786444
-786376
-786412
-786320
-786380
-786268
-786336
-786320
-786416
-786144
-786140
-786192
-786120
-786348
-786340
-786380
-786500
-786604
-786688
-786552
-786352
-786436
-786752
-786592
-786656
-786644
-786740
-786916
-787044
-787096
-787040
-787076
-787092
-787144
-787124
-787120
-787060
-786944
-787080
-787120
-787128
-787252
-787116
-786900
-786824
-786776
-786536
-786460
-786492
-786556
-786580
-786688
-786856
-786916
-786876
-786700
-786748
-786760
-786724
-786820
-786736
-786640
-786620
-786508
-786380
-786420
-786552
-786544
-786376
-786288
-786208
-786168
-786220
-786460
-786436
-786332
-786200
-786232
-786104
-786028
-785992
-786000
-786036
-786136
-786152
-786232
-786196
-786064
-786064
-786080
-785920
-785932
-785968
-785984
-786076
-786120
-786228
-786124
-786156
-786136
-786224
-786248
-786076
-786112
-786104
-786176
-786456
-786364
-786276
-786104
-785944
-786020
-786232
-786232
-786264
-786288
-786328
-786332
-786044
-786000
-786080
-786128
-786232
-786228
-786304
-786264
-786160
-786248
-786256
-786300
-786356
-786360
-786364
-786292
-786188
-786180
-786356
-786460
-786468
-786464
-786716
-786504
-786468
-786416
-786420
-786464
-786532
-786736
-786820
-787092
-787112
-787036
-786792
-786740
-786680
-786896
-786844
-786896
-786920
-787152
-787328
-787332
-787304
-787232
-787164
-787200
-787028
-787020
-787208
-787336
-787348
-787284
-787248
-787096
-787092
-787092
-787212
-787268
-787244
-787256
-787180
-787168
-787172
-787360
-787328
-787308
-787188
-787192
-787196
-787244
-787132
-787268
-787272
-787224
-787160
-787148
-787068
-787088
-787132
-787068
-786840
-786812
-786892
-786924
-786796
-786744
-786592
-786492
-786404
-786560
-786672
-786604
-786544
-786584
-786768
-786772
-786992
-786912
-787020
-787068
-787116
-787184
-787224
-787168
-787092
-787344
-787580
-787532
-787416
-786988
-786948
-786968
-787364
-787332
-787340
-787280
-787204
-787264
-787344
-787404
-787528
-787508
-787480
-787444
-787464
-787420
-787516
-787436
-787524
-787464
-787400
-787132
-787172
-787152
-787216
-787064
-786896
-786392
-786296
-786208
-786236
-786264
-786128
-786092
-785940
-786084
-786080
-785952
-785760
-785648
-785840
-785992
-786096
-786032
-786112
-786092
-785972
-786028
-785840
-785840
-785840
-785792
-785840
-785692
-785772
-785832
-785888
-785828
-785836
-785828
-785948
-785928
-785852
-785792
-786216
-786080
-785984
-785736
-785768
-785664
-785456
-785408
-785560
-785588
-785596
-785696
-785720
-785716
-785664
-785440
-785512
-785484
-785588
-785700
-785740
-785728
-785864
-786008
-786116
-786096
-786112
-786196
-786188
-786184
-786036
-785984
-785868
-785972
-786228
-786156
-785948
-785936
-785888
-786080
-786140
-786056
-786200
-786264
-786180
-786252
-786276
-786096
-786148
-786428
-786596
-786384
-786388
-786232
-786532
-786504
-786472
-786376
-786584
-786568
-786708
-786756
-786760
-786780
-786724
-786860
-786824
-786772
-786772
-786888
-786696
-786788
-786800
-786812
-786664
-786644
-786648
-786576
-786552
-786712
-786748
-786696
-786584
-786640
-786608
-786504
-786504
-786512
-786428
-786220
-786108
-786120
-786152
-786140
-786096
-785860
-785864
-785888
-786088
-786168
-786224
-786120
-786200
-786264
-786196
-786068
-786132
-786052
-785972
-785888
-785944
-786016
-785944
-786060
-785844
-785852
-785788
-785704
-785728
-785684
-785788
-785900
-785872
-785860
-785876
-785840
-785840
-785812
-785616
-785948
-785948
-785720
-785752
-785672
-785608
-785740
-785680
-785664
-785632
-785608
-785684
-785504
-785424
-785360
-785360
-785388
-785288
-785352
-785388
-785440
-785408
-785448
-785432
-785436
-785460
-785420
-785412
-785516
-785328
-785280
-785228
-785140
-785064
-785144
-785108
-785220
-785192
-785036
-784964
-785016
-785192
-785296
-785172
-785376
-785308
-785320
-785228
-785180
-784940
-784964
-785056
-785100
-785016
-784840
-784868
-784852
-784848
-784732
-784716
-784692
-784564
-784644
-784552
-784524
-784496
-784396
-784376
-784424
-784604
-784652
-784568
-784484
-784520
-784544
-784472
-784608
-784548
-784604
-784604
-784464
-784496
-784364
-784368
-784548
-784528
-784544
-784636
-784464
-784480
-784516
-784496
-784636
-784608
-784464
-784456
-784456
-784452
-784508
-784516
-784396
-784568
-784644
-784684
-784788
-784868
-784960
-784792
-784744
-784696
-784848
-784852
-785040
-785008
-785168
-785252
-785232
-785320
-785152
-785088
-785068
-785012
-784944
-785060
-785136
-785336
-785284
-785368
-785276
-785208
-785124
-785132
-785104
-785164
-785244
-785212
-785152
-785020
-785140
-785240
-785276
-785148
-785080
-785152
-785160
-785320
-785312
-785316
-785096
-785152
-785196
-785212
-785136
-785304
-785288
-785300
-785260
-784980
-784644
-784452
-784384
-784356
-784352
-784292
-784316
-784176
-784060
-784200
-784180
-784280
-784248
-784128
-784284
-784392
-784420
-784336
-784300
-784400
-784296
-784268
-784280
-784356
-784444
-784460
-784244
-784332
-784332
-784400
-784268
-784288
-784320
-784508
-784524
-784576
-784664
-784608
-784700
-784648
-784580
-784664
-784640
-784784
-784708
-784736
-784820
-784748
-784460
-784404
-784276
-784356
-784140
-784100
-784048
-784180
-784252
-784124
-784256
-784336
-784200
-784004
-783820
-783784
-783832
-783948
-784120
-784136
-783980
-784032
-784036
-784132
-784024
-784056
-784196
-784228
-784172
-784208
-784140
-783972
-783776
-783748
-783712
-783564
-783612
-783472
-783452
-783440
-783572
-783632
-783816
-783860
-783744
-783944
-783928
-783836
-783880
-784016
-784064
-783932
-783960
-783848
-783552
-783604
-783644
-783540
-783440
-783408
-783384
-783492
-783456
-783624
-783684
-783720
-783936
-784020
-784100
-784172
-784004
-784096
-784072
-784076
-784176
-784056
-784144
-784308
-784188
-784096
-784200
-784400
-784376
-784300
-784456
-784628
-784732
-784728
-784912
-785048
-785108
-785152
-785264
-785324
-785200
-785180
-785080
-785116
-785048
-785020
-785108
-785128
-785076
-785080
-785080
-785120
-784956
-785092
-785020
-784876
-784832
-784840
-784724
-784672
-784584
-784644
-784636
-784564
-784488
-784484
-784424
-784348
-784352
-784268
-784260
-784236
-784200
-784160
-784240
-784320
-784352
-784544
-784488
-784404
-784452
-784496
-784460
-784488
-784452
-784412
-784836
-784852
-784936
-784968
-784964
-785088
-785288
-785256
-785352
-785280
-785352
-785540
-785524
-785580
-785648
-785488
-785396
-785180
-785284
-785336
-785316
-785376
-785280
-785328
-785360
-785076
-785108
-785184
-785124
-785060
-785048
-785096
-785120
-785352
-785280
-785156
-785284
-785300
-785196
-785208
-785280
-785156
-785336
-785180
-785096
-785024
-785036
-785164
-785124
-785016
-784884
-785064
-785168
-785080
-785076
-784972
-785132
-785164
-785268
-785280
-785224
-785204
-785224
-785336
-785308
-785292
-785204
-785200
-785264
-785340
-785288
-785368
-785432
-785424
-785432
-785492
-785456
-785432
-785452
-785532
-785484
-785340
-785364
-785412
-785588
-785544
-785440
-785580
-785676
-785560
-785304
-785256
-785360
-785312
-785408
-785472
-785400
-785284
-785360
-785388
-785492
-785292
-785204
-785124
-784940
-784976
-784932
-785020
-785060
-785148
-785184
-785308
-785264
-785260
-785268
-785028
-785024
-784884
-784664
-784584
-784456
-784384
-784428
-784428
-784412
-784368
-784396
-784500
-784540
-784464
-784524
-784492
-784512
-784484
-784440
-784488
-784508
-784544
-784376
-784296
-784300
-784192
-784148
-784140
-784076
-784036
-784088
-784296
-784224
-784108
-784036
-784000
-783952
-784172
-784156
-784360
-784416
-784336
-784300
-784284
-784312
-784276
-784416
-784372
-784432
-784396
-784556
-784536
-784484
-784512
-784536
-784768
-784772
-784668
-784620
-784564
-784404
-784360
-784372
-784448
-784336
-784376
-784276
-784320
-784248
-784172
-784124
-784060
-783848
-783736
-783576
-783460
-783368
-783476
-783548
-783424
-783284
-783252
-783344
-783232
-783276
-783348
-783276
-783308
-783268
-783372
-783352
-783252
-783300
-783188
-783276
-783408
-783040
-783036
-783116
-783028
-782936
-782884
-783236
-783208
-783224
-783244
-783140
-783036
-782944
-782928
-783056
-783120
-783048
-783084
-783252
-783044
-782864
-782832
-782928
-782804
-782768
-782752
-782848
-782856
-782836
-782792
-782804
-782752
-782628
-782604
-782712
-782800
-782776
-782884
-782512
-782548
-782480
-782432
-782592
-782612
-782652
-782624
-782600
-782548
-782732
-782892
-782928
-782968
-783060
-782972
-783108
-783180
-783212
-783112
-783088
-783104
-783140
-783204
-783192
-783276
-783364
-783288
-783352
-783240
-783168
-783328
-783304
-783576
-783636
-783664
-783800
-783448
-783368
-783404
-783428
-783240
-783288
-783060
-782968
-782868
-782556
-782516
-782676
-782688
-782656
-782876
-782668
-782812
-782796
-782760
-782856
-782776
-782920
-782960
-782872
-783152
-783052
-782964
-782996
-782940
-782920
-783072
-783040
-782980
-782996
-783216
-783212
-783328
-783288
-783364
-783260
-783440
-783452
-783512
-783452
-783540
-783472
-783408
-783220
-783268
-783320
-783436
-783440
-783520
-783448
-783384
-783304
-783484
-783456
-783220
-783360
-783460
-783384
-783396
-783472
-783492
-783508
-783448
-783420
-783348
-783532
-783532
-783536
-783468
-783552
-783712
-783584
-783384
-783456
-783436
-783304
-783276
-783272
-783196
-783188
-783160
-783088
-783156
-783116
-783080
-783116
-783092
-783212
-783312
-783312
-783308
-783424
-783332
-783292
-783452
-783288
-783284
-783236
-783280
-783348
-783392
-783352
-783452
-783380
-783244
-783188
-783164
-782996
-782788
-782764
-782684
-782696
-782804
-782972
-783316
-783420
-783500
-783564
-783636
-783668
-783756
-783784
-783812
-783800
-783784
-783780
-783760
-783768
-783896
-783924
-783876
-783720
-783668
-783528
-783416
-783232
-783092
-783184
-783288
-783112
-783292
-783168
-783112
-783400
-783220
-783228
-783108
-783120
-783120
-783196
-783392
-783580
-783452
-783476
-783408
-783404
-783484
-783476
-783632
-783668
-783692
-783700
-783772
-783444
-783528
-783576
-783472
-783444
-783448
-783456
-783596
-783856
-783812
-783756
-783808
-783780
-783780
-783724
-783696
-783640
-783704
-783636
-783640
-783660
-783700
-783692
-783656
-783612
-783780
-783928
-783884
-783888
-784044
-784008
-783968
-783964
-783864
-783972
-784104
-784204
-784220
-784240
-784252
-784352
-784320
-784296
-784232
-784260
-784292
-784328
-784412
-784432
-784568
-784684
-784676
-784720
-784708
-784572
-784616
-784308
-784408
-784524
-784524
-784656
-784620
-784600
-784584
-784316
-784380
-784436
-784304
-784188
-784176
-784260
-784148
-784184
-784224
-784328
-784436
-784348
-784440
-784336
-784388
-784076
-784048
-784080
-784056
-784040
-783828
-783740
-783756
-784020
-784116
-784192
-784232
-784056
-784136
-784116
-783920
-783896
-783824
-783828
-783860
-783756
-783932
-783992
-783952
-783988
-783868
-783872
-783852
-783852
-783820
-783836
-783704
-783672
-783736
-783804
-783840
-783560
-783636
-783744
-783748
-783984
-783940
-784004
-783960
-783764
-783788
-784036
-784096
-784140
-784072
-784092
-784148
-784224
-784168
-784164
-783984
-783936
-783904
-783756
-783704
-783708
-783716
-783804
-783752
-783808
-783848
-783864
-783876
-783944
-783956
-783944
-783964
-783752
-783784
-784008
-783856
-783784
-783876
-783756
-783732
-783784
-783808
-783824
-783624
-783716
-783792
-783872
-783844
-783912
-783928
-783980
-784076
-784064
-784240
-784648
-784648
-784632
-784520
-784688
-784752
-784792
-784860
-785016
-785008
-785004
-784984
-784944
-784852
-784916
-784876
-785036
-785092
-785148
-785192
-785236
-785112
-784964
-785068
-785004
-785012
-785108
-785136
-785136
-785248
-785220
-785280
-785396
-785432
-785488
-785524
-785564
-785412
-785368
-785476
-785472
-785308
-785256
-785312
-785408
-785468
-785340
-785384
-785416
-785464
-785356
-785360
-785368
-785580
-785536
-785720
-785772
-785884
-785944
-785984
-785960
-785908
-785896
-785824
-785832
-785664
-785684
-785636
-785488
-785316
-785284
-785352
-785480
-785544
-785532
-785568
-785680
-785784
-785708
-785704
-785948
-785948
-785964
-786184
-786132
-786060
-786164
-786324
-786128
-786124
-786172
-786212
-786252
-786192
-786348
-786388
-786512
-786424
-786416
-786416
-786464
-786528
-786604
-786516
-786484
-786520
-786504
-786452
-786312
-786376
-786244
-786384
-786372
-786372
-786380
-786556
-786588
-786680
-786836
-786748
-786708
-786556
-786500
-786408
-786436
-786548
-786612
-786600
-786532
-786468
-786588
-786660
-786676
-786624
-786588
-786564
-786660
-786672
-786708
-786720
-786708
-786936
-787076
-787068
-787016
-787076
-786960
-787024
-786968
-786988
-786944
-786772
-786868
-786892
-786924
-786844
-786904
-786844
-786908
-786836
-786944
-786888
-786860
-786752
-786664
-786488
-786348
-786396
-786356
-786496
-786716
-786676
-786676
-786632
-786744
-786620
-786560
-786588
-786596
-786616
-786556
-786688
-786680
-786840
-786964
-786968
-787012
-787164
-786956
-787008
-786964
-786848
-786948
-786976
-786968
-786992
-786892
-786976
-786940
-787000
-787052
-786956
-787148
-787000
-786908
-786804
-786608
-786476
-786476
-786576
-786588
-786600
-786652
-786596
-786524
-786456
-786148
-785860
-785764
-785920
-785892
-785944
-785864
-785924
-786008
-786052
-786072
-786072
-786092
-786100
-786004
-785988
-785916
-785824
-785976
-785880
-785908
-786008
-786028
-785900
-785808
-785856
-785848
-785688
-785708
-785612
-785652
-785640
-785680
-785476
-785476
-785604
-785608
-785496
-785596
-785640
-785656
-785820
-785872
-785812
-785684
-785648
-785620
-785712
-785548
-785460
-785512
-785468
-785452
-785424
-785464
-785432
-785376
-785484
-785544
-785624
-785572
-785504
-785432
-785520
-785344
-785296
-785520
-785520
-785424
-785456
-785288
-785288
-785332
-785276
-785304
-785412
-785396
-785312
-785352
-785312
-785372
-785328
-785092
-785096
-784988
-784952
-785160
-785152
-785176
-785108
-785188
-785212
-785232
-785264
-785144
-785124
-785160
-785120
-785060
-785084
-785112
-785164
-785276
-785232
-785160
-785208
-785396
-785480
-785416
-785524
-785556
-785708
-785736
-785776
-785916
-786012
-786152
-786184
-786012
-785680
-785740
-785612
-785632
-785444
-785424
-785380
-785408
-785488
-785552
-785444
-785520
-785416
-785540
-785408
-785428
-785440
-785564
-785664
-785736
-785760
-785824
-785608
-785644
-785720
-785584
-785696
-785776
-785780
-785792
-785776
-785664
-785616
-785656
-785672
-785776
-785656
-785364
-785112
-784948
-785128
-785244
-785388
-785276
-785212
-785244
-785196
-785200
-785256
-785124
-785128
-785104
-785144
-785108
-785180
-785132
-785080
-784956
-784972
-785248
-785352
-785348
-785384
-785400
-785328
-785396
-785468
-785472
-785536
-785420
-785424
-785560
-785648
-785616
-785408
-785428
-785440
-785412
-785324
-785256
-785224
-785220
-785252
-785224
-785012
-785460
-785480
-785496
-785540
-785496
-785596
-785632
-785764
-785656
-785748
-785764
-785784
-785600
-785612
-785508
-785612
-785520
-785568
-785408
-785456
-785308
-785224
-785176
-784836
-784688
-784704
-784708
-784780
-784820
-784856
-784880
-784912
-785004
-784904
-784808
-784848
-784876
-784852
-784752
-784704
-784784
-784720
-784596
-784584
-784476
-784596
-784600
-784460
-784332
-784440
-784392
-784344
-784360
-784796
-784828
-784780
-785040
-784892
-784716
-784592
-784692
-784704
-784728
-784712
-784504
-784488
-784388
-784312
-784284
-784396
-784456
-784480
-784420
-784400
-784484
-784556
-784436
-784540
-784516
-784620
-784548
-784672
-784728
-784668
-784612
-784648
-784512
-784496
-784584
-784688
-784668
-784756
-784776
-784816
-784884
-785144
-785136
-785140
-785052
-784872
-784968
-785036
-784880
-784956
-784736
-784708
-784692
-784648
-784684
-784556
-784532
-784412
-784340
-784264
-784224
-784136
-783872
-783912
-783960
-784140
-784240
-784224
-784280
-784252
-784232
-784084
-784276
-784392
-784404
-784744
-784920
-784988
-784972
-785124
-785128
-785128
-785140
-785080
-785048
-785120
-785244
-785372
-785348
-785352
-785472
-785228
-785256
-785232
-785156
-785232
-785080
-785312
-785396
-785364
-785428
-785356
-785420
-785472
-785656
-785716
-785784
-785788
-785668
-785672
-785692
-785828
-785920
-785956
-785916
-785904
-785788
-785856
-785748
-785832
-785724
-785676
-785484
-785536
-785524
-785432
-785376
-785368
-785488
-785508
-785748
-785648
-785680
-785568
-785572
-785528
-785484
-785404
-785452
-785344
-785280
-785304
-785320
-785368
-785396
-785448
-785436
-785452
-785360
-785276
-785216
-785176
-785192
-785112
-785112
-785184
-785008
-784940
-784924
-784748
-785080
-784972
-784904
-785080
-785116
-785104
-785208
-785252
-785160
-785168
-785356
-785368
-785364
-785280
-785156
-785172
-785112
-785104
-784940
-784860
-785072
-785016
-785100
-785128
-785092
-785016
-784900
-784912
-785096
-785100
-785040
-785032
-785104
-785028
-784964
-784996
-785024
-785108
-785048
-785040
-785004
-784960
-784988
-785028
-784736
-784476
-784428
-784336
-784160
-784208
-784224
-784116
-784400
-784476
-784544
-784452
-784436
-784472
-784212
-783992
-784112
-784200
-784080
-784080
-784200
-784248
-784216
-784092
-784184
-784188
-784084
-784048
-784108
-783952
-783916
-783928
-784048
-784128
-783848
-783992
-783964
-783960
-784048
-784044
-784112
-784180
-784368
-784572
-784436
-784400
-784432
-784388
-784512
-784496
-784432
-784592
-784680
-784676
-784704
-784628
-784824
-784816
-784820
-784900
-784644
-784784
-784588
-784636
-784656
-784680
-784684
-784464
-784424
-784372
-784452
-784596
-784768
-784792
-784628
-784600
-784724
-784676
-784732
-784732
-784920
-785044
-785080
-785092
-785104
-785112
-785168
-785124
-785080
-785248
-785240
-785176
-784956
-784976
-785048
-785112
-785176
-785172
-785268
-785344
-785376
-785156
-785268
-785200
-785296
-785024
-785004
-785004
-785040
-785388
-785388
-785340
-785344
-785276
-785268
-785128
-785216
-785168
-785232
-785120
-785040
-784944
-784888
-784928
-784864
-784836
-784820
-784892
-784952
-785028
-784980
-784996
-784904
-784864
-784852
-785220
-785128
-785072
-785116
-785084
-785136
-785212
-785188
-785376
-785348
-785316
-785300
-785408
-785452
-785712
-785696
-785728
-785804
-785660
-785776
-785736
-785956
-786052
-785940
-785816
-785744
-785796
-785812
-785724
-785844
-785900
-785828
-785820
-785744
-785708
-785720
-785736
-785664
-785660
-785676
-785720
-785716
-785620
-785604
-785652
-785384
-785396
-785400
-785368
-785636
-785656
-785768
-785840
-785764
-785852
-785792
-785696
-785780
-785672
-785792
-785632
-785692
-785528
-785456
-785436
-785292
-785408
-785388
-785256
-785188
-785156
-785216
-785116
-785056
-785308
-785404
-785504
-785712
-785644
-785680
-785664
-785700
-785964
-785860
-785832
-785800
-785828
-785800
-785848
-785992
-786004
-785984
-785952
-785932
-786080
-785940
-785988
-786040
-786072
-785804
-785716
-785840
-785836
-785968
-786000
-786016
-786100
-786148
-786032
-785992
-786136
-786080
-786040
-786048
-785920
-786208
-786220
-786132
-786136
-786036
-785828
-785828
-785732
-785796
-785812
-785828
-785744
-785608
-785724
-785788
-785736
-785748
-785644
-785596
-785688
-785292
-785256
-785220
-785236
-784808
-784868
-784988
-784828
-784764
-784768
-784700
-784784
-784820
-784840
-785000
-785164
-785136
-785040
-785032
-785068
-785264
-785220
-785352
-785440
-785516
-785688
-785664
-785652
-785744
-785772
-785660
-785612
-785512
-785344
-785380
-785452
-785472
-785576
-785636
-785792
-785720
-785780
-785864
-785824
-785636
-785688
-785688
-785720
-785932
-785840
-785960
-785872
-786060
-786016
-786096
-785984
-785848
-785800
-785748
-785648
-785736
-785600
-785588
-785516
-785492
-785444
-785376
-785416
-785296
-785264
-785272
-785488
-785628
-785552
-785444
-785508
-785220
-785104
-785176
-785096
-785056
-785036
-785060
-785044
-785016
-785084
-785040
-784984
-784896
-785000
-784952
-784912
-784732
-785036
-785032
-784992
-785304
-785356
-785328
-785412
-785312
-785416
-785568
-785612
-785624
-785596
-785652
-785592
-785488
-785556
-785540
-785488
-785380
-785624
-785816
-785632
-785664
-785644
-785592
-785732
-785628
-785624
-785624
-785464
-785508
-785404
-785388
-785244
-785036
-785008
-784944
-785020
-785096
-784940
-784576
-784608
-784732
-784808
-784892
-784896
-784944
-784924
-784888
-784908
-785020
-784924
-785180
-785152
-785100
-785132
-785068
-785076
-785112
-785196
-785136
-785108
-785264
-785324
-785156
-785128
-785008
-784932
-784740
-784712
-784976
-784884
-785192
-785308
-785464
-785440
-785552
-785668
-786052
-786028
-785796
-785728
-785572
-785576
-785604
-785580
-785700
-785716
-785728
-785736
-785908
-785924
-785952
-785856
-785844
-785620
-785640
-785772
-785856
-785868
-785948
-786120
-786196
-786324
-786472
-786420
-786584
-786604
-786584
-786588
-786580
-786556
-786384
-786364
-786408
-786472
-786588
-786584
-786316
-786268
-786200
-786296
-786256
-786252
-786212
-786196
-786108
-786052
-786116
-785956
-785948
-785952
-786036
-786084
-786092
-786052
-786028
-786032
-786076
-786136
-786228
-786184
-786272
-786292
-786412
-786608
-786504
-786456
-786584
-786716
-786756
-786784
-786776
-786748
-786756
-786880
-786804
-786880
-787084
-787068
-787012
-787056
-787144
-787060
-786920
-786932
-786972
-787004
-787016
-786952
-786856
-786984
-786964
-786924
-786836
-786928
-786928
-786804
-786736
-786660
-786652
-786480
-786592
-786500
-786640
-786656
-786604
-786572
-786560
-786456
-786520
-786812
-786724
-786680
-786668
-786780
-786924
-787036
-787084
-787124
-787244
-787348
-787248
-787292
-787348
-787336
-787252
-787208
-787272
-787216
-787136
-786988
-786832
-786916
-787036
-786912
-787076
-787056
-787020
-787200
-787168
-787132
-787032
-787000
-787112
-787116
-787052
-787016
-786968
-786980
-786856
-787072
-787288
-787296
-787500
-787572
-787568
-787540
-787628
-787272
-787104
-786892
-786916
-786876
-786828
-787044
-787000
-786940
-787036
-787088
-787096
-787128
-787072
-786984
-786928
-787028
-786996
-786996
-787012
-786904
-786848
-786732
-786740
-786676
-786628
-786568
-786608
-786576
-786600
-786600
-786832
-786812
-786900
-787080
-786952
-787256
-787300
-787272
-787368
-787264
-787172
-787128
-787236
-787208
-787068
-787040
-787020
-787204
-787184
-787108
-787212
-787164
-787264
-787268
-787272
-787336
-787408
-787232
-787192
-787112
-786984
-786856
-786868
-786940
-786968
-786948
-787012
-786792
-786680
-786544
-786504
-786504
-786460
-786352
-786360
-786180
-786064
-786156
-786144
-786204
-786252
-786476
-786276
-786248
-786252
-786084
-786308
-786232
-786212
-786152
-786320
-786304
-786312
-786128
-786000
-786088
-786052
-786028
-786120
-786068
-786168
-786056
-785824
-785636
-785588
-785520
-785592
-785596
-785700
-785548
-785492
-785460
-785504
-785616
-785568
-785660
-785628
-785644
-785772
-785564
-785488
-785456
-785432
-785380
-785388
-785480
-785596
-785604
-785544
-785480
-785364
-785336
-785276
-785224
-785200
-785188
-785184
-785160
-785272
-785168
-785020
-784896
-784904
-784836
-784732
-784652
-784744
-784688
-784644
-784484
-784348
-784324
-784296
-784328
-784452
-784344
-784464
-784448
-784280
-784280
-784200
-784320
-784268
-784396
-784488
-784552
-784380
-784480
-784796
-784876
-784868
-784752
-784572
-784704
-784612
-784660
-784600
-784688
-784832
-784964
-784964
-784952
-784936
-784780
-784732
-784620
-784492
-784692
-784800
-784888
-785140
-785144
-785236
-785312
-785156
-785180
-785232
-785160
-785124
-785072
-785212
-785344
-785336
-785356
-785308
-785096
-785364
-785304
-785440
-785456
-785420
-785388
-785196
-785188
-785204
-785300
-785224
-785092
-785120
-785172
-785364
-785596
-785536
-785496
-785504
-785640
-785544
-785548
-785488
-785476
-785756
-785716
-785740
-785808
-785660
-785760
-785672
-785616
-785640
-785684
-785728
-785772
-785624
-785564
-785608
-785608
-785772
-785324
-785544
-785568
-785576
-785644
-785660
-785680
-785720
-785608
-785556
-785412
-785468
-785612
-785536
-785572
-785680
-785732
-785748
-785672
-785572
-785748
-785724
-785652
-785744
-785732
-785804
-785724
-785612
-785716
-785804
-785832
-785716
-785748
-785796
-785864
-785720
-785556
-785480
-785624
-785452
-785424
-785444
-785460
-785484
-785452
-785420
-785428
-785224
-785140
-785060
-785076
-785148
-784992
-784852
-784804
-784756
-784864
-784980
-785068
-785172
-785268
-785332
-785408
-785504
-785512
-785672
-785656
-785360
-785388
-785304
-785416
-785516
-785656
-785652
-785444
-785496
-785512
-785512
-785544
-785468
-785412
-785320
-785236
-785084
-785100
-785284
-785240
-785128
-785108
-785068
-784996
-784888
-784888
-784984
-784920
-784820
-784796
-785132
-785384
-785108
-785336
-785368
-785268
-785116
-785008
-784876
-784800
-784744
-784704
-784668
-784708
-784672
-784664
-784692
-784448
-784220
-784304
-784600
-784604
-784596
-784512
-784444
-784444
-784476
-784528
-784580
-784836
-784972
-785224
-785232
-785124
-785128
-785284
-785272
-785396
-785264
-785504
-785568
-785460
-785360
-785372
-785268
-785096
-784996
-784684
-784528
-784464
-784328
-784340
-784484
-784540
-784520
-784480
-784592
-784472
-784436
-784356
-784332
-784340
-784348
-784368
-784348
-784260
-784228
-784316
-784240
-784404
-784372
-784252
-784404
-784480
-784504
-784448
-784540
-784412
-784476
-784428
-784408
-784376
-784360
-784356
-784320
-784280
-784212
-784124
-784180
-784100
-784080
-784152
-784076
-784080
-784084
-783852
-783732
-783652
-783572
-783352
-783368
-783268
-783032
-783004
-782924
-782916
-782812
-782836
-782976
-782968
-782900
-782960
-783044
-783044
-782956
-782884
-782380
-782536
-782504
-782140
-781888
-781804
-781796
-781772
-781648
-781276
-781364
-781320
-781144
-781140
-781112
-781216
-781124
-781156
-781156
-781192
-781112
-781236
-781192
-781316
-781452
-781500
-781564
-781768
-781820
-781856
-781956
-781916
-781856
-781840
-782008
-781936
-781792
-781788
-781844
-781840
-781760
-781876
-781768
-781752
-781656
-781564
-781644
-781612
-781664
-781640
-781492
-781416
-781372
-781264
-781200
-781360
-781492
-781600
-781632
-781720
-782056
-782364
-782468
-782508
-782472
-782416
-782308
-782332
-782372
-782420
-782232
-782408
-782376
-782316
-782252
-782208
-782244
-782260
-782388
-782296
-782324
-782196
-782364
-782428
-782384
-782508
-782508
-782644
-782556
-782632
-782644
-782512
-782420
-782392
-782320
-782208
-782136
-782188
-782200
-782176
-782180
-782232
-782240
-782284
-782176
-782164
-782284
-782212
-782460
-782568
-782516
-782464
-782456
-782488
-782504
-782424
-782556
-782524
-782400
-782252
-782200
-782176
-782224
-782160
-782060
-782008
-781988
-781560
-781572
-781512
-781664
-781668
-781620
-781440
-781384
-781428
-781548
-781460
-781576
-781748
-781700
-781584
-781656
-781780
-781804
-781736
-781836
-781812
-781808
-781916
-781984
-782008
-782068
-782100
-782144
-782040
-782116
-782168
-781888
-781828
-781792
-781764
-781876
-781736
-781728
-781644
-781600
-781588
-781544
-781672
-781716
-781556
-781608
-781608
-781552
-781688
-781512
-781620
-781624
-781648
-781636
-781708
-781720
-781780
-781776
-781868
-782012
-781948
-781852
-781904
-781772
-781824
-781840
-781924
-782036
-781980
-781976
-781912
-781928
-781792
-781748
-781864
-781940
-781828
-781848
-781780
-781920
-782076
-782132
-782120
-782056
-781988
-782072
-782092
-782004
-781864
-781672
-781600
-781540
-781516
-781776
-782000
-781968
-781816
-781944
-781904
-781988
-781836
-781844
-781660
-781524
-781372
-781480
-781564
-781524
-781404
-781484
-781428
-781408
-781472
-781476
-781464
-781308
-781196
-781228
-781188
-781168
-781156
-781368
-781456
-781372
-781416
-781520
-781532
-781504
-781488
-781420
-781488
-781452
-781420
-781372
-781336
-781364
-781448
-781256
-781356
-781404
-781420
-781484
-781560
-781664
-781608
-781580
-781684
-781656
-781588
-781572
-781436
-781260
-781264
-781580
-781624
-781424
-781508
-781568
-781516
-781584
-781556
-781680
-781860
-781768
-781820
-781808
-781832
-781884
-781748
-781648
-781684
-781624
-781644
-781620
-781568
-781604
-781492
-781436
-781344
-781440
-781448
-781312
-781348
-781284
-781252
-781280
-781340
-781336
-781308
-781348
-781380
-781420
-781276
-781304
-781356
-781460
-781248
-781256
-781292
-781260
-781412
-781428
-781400
-781444
-781208
-781280
-781236
-781140
-781056
-780996
-781076
-781068
-781128
-781224
-781368
-781332
-781268
-781204
-781120
-781080
-781168
-781168
-781204
-781224
-781196
-781100
-781172
-781024
-781056
-781140
-781164
-781200
-781192
-781332
-781284
-781400
-781200
-781172
-781328
-781260
-781168
-781116
-781316
-781300
-781604
-781596
-781556
-781728
-781788
-781644
-781588
-781676
-781624
-781668
-781680
-781760
-781756
-781712
-781652
-781640
-781656
-781640
-781636
-781744
-781728
-781700
-781748
-781868
-781888
-782008
-781976
-781988
-782096
-782072
-781912
-781904
-781984
-782076
-781976
-782388
-782488
-782432
-782208
-782192
-782132
-782352
-782356
-782504
-782400
-782380
-782388
-782360
-782352
-782232
-782268
-782164
-782208
-782104
-782096
-782104
-782564
-782844
-782844
-782604
-782636
-782572
-782700
-782728
-782636
-782648
-782552
-782456
-782512
-782556
-782568
-782596
-782468
-782528
-782444
-782508
-782556
-782568
-782472
-782416
-782472
-782440
-782516
-782568
-782584
-782660
-782660
-782560
-782636
-782684
-782752
-782852
-782860
-782524
-782528
-782576
-782548
-782516
-782504
-782484
-782408
-782772
-782728
-782916
-783048
-783168
-783188
-783188
-783176
-783148
-783012
-782924
-782900
-782972
-782964
-782996
-782988
-782960
-782992
-783096
-783072
-783200
-783108
-783244
-783304
-783336
-783396
-783352
-783256
-783384
-783360
-783472
-783404
-783408
-783564
-783456
-783364
-783352
-783240
-783344
-783280
-783180
-783140
-783132
-783204
-783252
-783312
-783344
-783336
-783448
-783348
-783272
-783228
-783284
-783228
-783192
-783404
-783504
-783736
-783748
-783700
-783828
-783772
-783964
-783880
-783972
-783956
-783936
-783992
-783800
-783732
-783736
-783688
-783584
-783628
-783496
-783544
-783580
-783476
-783792
-783524
-783504
-783444
-783576
-783528
-783444
-783396
-783080
-782948
-782948
-783028
-782996
-783080
-783216
-783408
-783388
-783424
-783352
-783284
-783320
-783328
-783532
-783504
-783576
-783592
-783668
-783684
-783644
-783416
-783372
-783332
-783360
-783272
-783304
-783320
-783156
-783152
-783076
-783280
-783164
-783140
-782796
-782776
-782580
-782388
-782444
-782244
-782108
-782256
-782436
-782372
-782368
-782420
-782524
-782552
-782516
-782380
-782412
-782248
-782204
-782388
-782436
-782284
-782300
-782344
-782212
-782376
-782196
-782308
-782260
-782304
-782216
-782156
-782108
-782096
-782304
-782260
-782276
-782336
-782484
-782680
-782728
-782772
-782756
-782544
-782624
-782592
-782576
-782588
-782432
-782360
-782452
-782412
-782388
-782420
-782364
-782176
-782216
-782172
-782116
-781968
-781988
-781888
-781932
-781808
-781732
-781676
-781648
-781764
-781712
-781772
-781736
-781532
-781584
-781364
-781456
-781428
-781412
-781556
-781440
-781572
-781336
-781324
-781220
-781044
-781192
-781200
-781252
-781280
-781192
-781100
-781108
-781036
-780916
-780940
-781080
-781276
-781244
-781272
-781232
-781256
-781224
-781220
-780928
-780960
-780976
-781064
-781044
-781048
-781084
-781072
-780968
-780928
-780820
-781028
-781048
-781136
-781160
-781044
-781252
-781336
-781144
-781036
-781152
-781060
-780464
-780560
-780724
-780692
-780788
-780756
-780724
-780924
-780956
-780952
-780928
-780884
-780928
-781148
-781288
-781232
-781228
-781236
-781136
-781088
-781084
-781100
-780980
-781228
-781216
-781280
-781356
-781288
-781272
-781236
-781032
-781096
-781196
-781100
-781180
-781136
-781024
-781016
-781112
-781044
-781128
-781184
-781400
-781328
-781372
-781404
-781456
-781356
-781240
-781128
-780988
-780928
-780736
-781000
-780960
-780908
-780760
-780780
-780776
-780804
-780764
-780736
-780684
-781156
-781140
-781188
-781332
-781444
-781376
-781472
-781396
-781408
-781404
-781464
-781912
-781900
-781932
-781824
-781832
-781852
-781876
-781992
-781884
-781896
-782136
-782240
-782296
-782624
-782612
-782608
-782564
-782564
-782724
-782664
-782636
-782688
-782528
-782552
-782596
-782676
-782644
-782680
-782664
-782692
-782848
-782792
-782660
-782668
-782832
-782976
-783064
-782972
-782812
-782660
-782756
-782824
-782812
-782844
-782940
-782888
-782596
-782568
-782640
-782576
-782556
-782332
-782308
-782316
-782308
-782280
-782120
-782144
-782160
-782112
-782140
-782240
-782176
-782192
-782216
-782316
-782208
-782012
-781916
-781972
-781752
-781808
-781832
-781732
-781776
-781696
-781756
-781824
-781684
-781672
-781764
-781840
-781876
-781932
-781876
-781912
-781820
-781844
-781940
-782320
-782392
-782476
-782352
-782408
-782420
-782384
-782376
-782368
-782436
-782508
-782436
-782344
-782412
-782372
-782376
-782268
-782116
-781980
-782184
-782260
-782268
-782352
-782232
-782232
-782248
-782620
-782788
-782808
-782752
-782784
-782700
-782768
-782724
-782716
-782832
-782816
-782804
-782472
-782304
-782340
-782308
-782372
-782292
-782428
-782320
-782508
-782436
-782340
-782440
-782480
-782500
-782316
-782528
-782408
-782420
-782588
-782504
-782624
-782584
-782484
-782440
-782384
-782364
-782292
-782256
-782172
-782212
-782184
-782196
-782156
-782092
-782024
-782200
-782324
-782376
-782444
-782380
-782548
-782724
-782616
-782576
-782808
-782916
-782952
-782840
-782772
-782812
-782916
-782784
-782712
-782720
-782800
-782852
-782688
-782772
-782896
-782556
-782392
-782404
-782276
-782416
-782496
-782456
-782484
-782228
-782204
-782212
-782252
-782456
-782272
-782344
-782284
-782308
-782340
-782240
-782228
-782236
-782456
-782392
-782384
-782336
-782264
-782336
-782092
-781992
-781960
-781844
-781776
-781908
-781888
-781948
-781852
-781800
-781668
-781728
-781780
-781852
-781804
-781736
-781728
-781592
-781624
-781404
-781408
-781356
-781352
-781392
-781380
-781400
-781520
-781504
-781540
-781628
-781628
-781700
-781708
-781556
-781544
-781476
-781360
-781348
-781308
-781432
-781224
-781136
-781196
-781284
-781264
-781356
-781192
-781280
-781500
-781484
-781184
-781184
-781172
-781144
-780916
-780996
-780912
-780988
-781088
-781104
-781080
-781108
-781140
-781012
-780952
-780884
-780816
-780780
-780696
-780732
-780780
-780844
-780796
-780996
-781068
-781108
-781312
-781396
-781204
-781120
-781396
-781376
-781444
-781416
-781592
-781536
-781692
-781764
-781760
-781860
-781792
-781532
-781804
-781968
-781864
-781972
-782256
-782316
-782564
-782488
-782452
-782388
-782216
-782276
-782472
-782616
-782836
-782600
-782424
-782488
-782552
-782524
-782556
-782484
-782704
-782852
-782776
-782800
-782740
-782596
-782620
-782660
-782564
-782568
-782624
-782584
-782508
-782284
-782304
-782372
-782544
-782416
-782392
-782524
-782676
-782776
-782824
-782884
-782932
-783016
-783012
-782920
-782768
-782632
-782644
-782584
-782280
-782384
-782352
-782356
-782480
-782484
-782644
-782312
-782144
-782068
-782104
-781876
-781900
-781872
-781768
-781884
-781724
-781676
-781728
-781800
-781744
-781628
-781580
-781580
-781548
-781628
-781456
-781584
-781552
-781576
-781540
-781544
-781520
-781592
-781336
-781424
-781352
-781200
-781192
-781288
-781452
-781476
-781304
-781348
-781320
-781284
-781260
-781276
-781184
-781160
-781284
-781292
-781324
-781240
-781244
-781400
-781280
-781328
-781368
-781596
-781504
-781500
-781540
-781644
-781792
-781836
-781704
-781684
-781676
-781636
-781728
-781860
-782032
-782072
-782056
-782192
-782272
-782320
-782424
-782408
-782532
-782548
-782620
-782460
-782564
-782552
-782760
-782740
-782728
-782692
-782708
-782636
-782536
-782456
-782640
-782664
-782528
-782604
-782476
-782344
-782356
-782288
-782344
-782352
-781944
-782248
-782304
-782416
-782336
-782264
-782172
-782220
-782248
-782256
-782724
-782828
-782816
-782848
-782800
-782764
-782876
-782876
-782972
-783164
-783168
-782992
-782992
-782924
-782920
-782912
-783060
-783156
-783148
-783164
-783172
-783288
-783364
-783224
-783212
-783188
-783192
-783080
-783168
-783092
-783064
-783156
-783332
-783340
-783268
-783296
-783364
-783272
-783192
-783048
-783036
-783092
-783068
-782988
-783064
-783040
-783104
-782968
-783136
-783244
-783168
-783076
-783080
-783040
-782928
-782808
-782780
-782860
-782944
-783000
-782980
-782816
-782868
-782996
-783016
-783032
-783092
-783068
-783076
-783008
-783012
-782960
-782920
-782872
-782872
-782992
-782972
-783056
-783004
-783064
-782992
-782960
-782980
-782996
-783084
-782936
-782548
-782520
-782412
-782500
-782604
-782564
-782600
-782764
-782876
-782884
-782868
-782780
-782452
-782936
-782836
-782724
-782632
-782696
-782760
-782728
-782688
-782744
-782848
-782924
-782976
-783116
-783208
-783120
-782984
-782996
-783280
-783312
-783428
-783460
-783444
-783320
-783280
-783128
-782828
-782848
-782940
-782852
-782856
-782832
-782732
-782828
-782836
-782852
-782776
-782824
-782800
-782884
-782692
-782584
-782560
-782824
-782892
-782896
-782944
-782840
-782704
-782792
-782836
-782936
-782968
-782924
-782908
-782892
-782820
-782796
-782732
-782856
-782916
-782924
-782948
-782800
-782880
-782840
-782876
-782708
-782776
-782832
-782792
-782776
-782780
-782696
-782732
-782732
-782824
-782760
-782796
-782832
-782936
-782776
-782820
-782908
-782892
-782920
-783056
-782984
-783140
-783176
-783152
-783168
-783220
-783300
-783104
-783336
-783400
-783136
-783036
-783032
-783004
-782996
-783052
-782980
-782868
-782888
-782784
-782732
-782720
-782752
-782732
-782732
-782812
-782332
-782332
-782268
-782236
-782212
-782068
-782064
-782080
-782104
-782016
-781980
-781772
-781828
-781812
-782052
-781960
-781768
-781620
-781652
-781612
-781644
-781672
-781636
-781420
-781424
-781312
-781336
-781248
-781220
-781076
-781280
-781420
-781492
-781372
-781516
-781584
-781640
-781904
-782020
-782048
-781956
-781900
-781924
-781872
-781912
-781952
-781964
-782012
-781984
-781976
-782064
-782092
-782220
-782160
-782128
-782264
-782284
-782272
-782268
-782292
-782228
-782464
-782408
-782480
-782440
-782380
-782548
-782568
-782564
-782400
-782452
-782668
-782560
-782564
-782512
-782504
-782456
-782428
-782432
-782424
-782456
-782652
-782520
-782740
-782544
-782476
-782628
-782472
-782492
-782420
-782516
-782524
-782552
-782484
-782284
-782520
-782500
-782580
-782404
-782408
-782524
-782536
-782536
-782488
-782404
-782436
-782448
-782536
-782396
-782140
-782124
-782280
-782244
-782164
-782260
-782404
-782328
-782276
-782092
-782052
-782076
-782076
-782356
-782252
-782228
-782396
-782500
-782588
-782388
-782104
-782008
-782100
-782156
-782044
-781480
-781416
-781672
-781648
-781596
-781592
-781604
-781600
-781588
-781700
-781636
-781568
-781680
-781760
-781536
-781564
-781532
-781544
-781432
-780980
-780872
-780928
-780940
-781004
-780948
-780760
-780796
-780772
-780840
-780892
-780880
-780836
-780732
-780676
-780692
-780556
-780556
-780548
-780360
-780360
-780220
-780288
-780248
-780220
-780236
-780176
-780260
-780324
-780384
-780396
-780388
-780440
-780604
-780664
-780444
-780264
-780268
-780332
-780344
-780540
-780548
-780456
-780384
-780248
-780316
-780192
-780128
-780140
-780232
-780196
-780264
-780252
-780252
-780336
-780260
-780304
-780436
-780456
-780316
-780408
-780276
-780232
-780132
-780064
-780020
-780044
-780196
-780064
-780208
-780208
-780124
-780124
-780176
-780088
-780032
-780056
-780000
-780076
-780236
-780216
-780200
-780284
-780464
-780488
-780604
-780600
-780692
-780412
-780260
-780200
-780256
-780368
-780324
-780324
-780360
-780380
-780364
-780328
-780220
-780204
-780164
-780300
-780288
-780192
-780324
-780320
-780364
-780384
-780276
-780288
-780268
-780212
-780336
-780284
-780348
-780420
-780488
-780476
-780496
-780352
-780456
-780528
-780664
-780580
-780492
-780512
-780468
-780464
-780604
-780592
-780636
-780664
-780756
-780856
-780748
-780996
-780936
-780936
-780912
-780932
-781032
-781076
-781120
-781076
-781116
-781232
-781264
-781288
-781204
-781172
-781316
-781180
-781132
-781080
-781120
-781124
-781272
-781180
-781336
-781344
-781296
-781332
-781476
-781548
-781520
-781428
-781504
-781696
-781732
-781644
-781468
-781360
-781352
-780852
-780752
-780700
-780396
-780296
-780220
-780308
-780504
-780596
-780680
-780648
-780768
-780580
-780532
-780372
-780472
-780480
-780580
-780616
-780652
-780732
-780892
-780876
-781064
-781036
-781148
-781228
-781636
-781684
-781708
-781760
-781620
-781572
-781504
-781692
-781772
-782256
-782220
-782128
-782100
-782064
-781980
-782256
-782324
-782176
-782168
-782032
-781892
-781860
-781816
-781792
-781716
-781816
-781884
-781828
-781952
-782080
-782068
-782040
-781912
-781860
-781828
-781696
-781688
-781552
-781556
-781628
-781652
-781660
-781652
-781728
-781696
-781568
-781616
-781588
-781544
-781624
-781672
-781660
-781620
-781520
-781612
-781472
-781712
-781524
-781340
-781116
-781036
-780904
-780756
-780884
-780852
-780876
-780880
-780800
-780812
-780840
-781068
-781008
-781288
-781172
-781036
-781020
-781004
-780996
-781004
-780948
-781068
-781128
-781112
-781000
-780844
-780804
-780920
-780852
-780648
-780932
-780896
-780816
-780728
-780636
-781020
-780984
-780792
-780752
-780804
-780720
-780592
-780572
-780460
-780324
-780328
-780272
-780424
-780404
-780388
-780436
-780480
-780476
-780632
-780632
-780672
-780632
-780636
-780644
-780696
-780760
-780744
-780580
-780620
-780632
-780664
-780724
-780740
-780780
-780956
-781108
-780964
-780976
-780984
-780808
-780716
-780684
-780732
-780792
-780832
-780900
-780820
-780992
-780916
-780844
-780928
-780900
-780856
-780908
-780888
-780928
-780704
-780784
-780596
-780676
-780688
-780676
-780584
-780696
-780748
-780776
-780836
-780968
-780996
-781108
-781140
-781180
-781164
-781212
-781152
-781072
-781172
-781156
-781240
-781264
-781320
-781256
-781328
-781372
-781260
-781252
-781380
-781324
-781284
-781252
-781384
-781296
-781100
-781088
-781184
-781136
-781164
-781316
-781380
-781520
-781540
-781536
-781348
-781312
-781348
-781360
-781484
-781444
-781432
-781616
-781844
-781740
-781892
-781852
-781784
-781856
-782004
-782124
-782132
-782340
-782416
-782436
-782428
-782504
-782496
-782496
-782536
-782512
-782332
-782392
-782444
-782552
-782556
-782548
-782632
-782636
-782908
-783020
-782820
-782864
-782804
-782792
-782756
-783012
-783084
-783164
-783136
-783224
-783348
-783292
-783340
-783320
-783284
-783224
-783320
-783220
-783196
-783148
-783124
-783024
-783072
-783168
-783248
-783544
-783548
-783464
-783524
-783520
-783480
-783212
-783184
-783024
-783008
-782748
-782716
-782704
-782556
-782492
-782552
-782068
-781960
-782080
-782004
-781924
-782028
-781932
-781944
-781568
-781500
-781592
-781568
-781700
-781696
-781848
-781832
-781872
-781928
-781860
-781776
-781772
-781636
-781572
-781452
-781336
-781264
-781200
-781168
-781104
-781040
-781000
-780948
-780956
-780980
-780960
-781088
-780956
-780980
-781196
-781420
-781412
-781452
-781392
-781152
-781192
-781384
-781264
-781176
-781220
-781216
-781216
-781204
-781252
-781340
-781452
-781444
-781452
-781436
-781460
-781280
-781360
-781388
-781452
-781616
-781432
-781420
-781204
-781292
-781444
-781516
-781460
-781492
-781476
-781604
-781480
-781472
-781420
-781344
-781172
-781136
-781048
-781196
-780988
-781132
-781104
-781036
-780852
-780700
-780888
-780868
-780944
-780804
-780892
-780904
-780828
-780876
-780872
-780956
-780952
-781016
-781112
-781024
-781012
-780916
-780848
-780792
-780856
-780852
-780880
-780844
-780908
-780768
-780612
-780424
-780396
-780292
-780364
-780272
-780068
-779984
-779900
-779952
-779912
-779836
-780008
-780108
-779792
-779860
-779860
-779780
-779860
-779760
-779820
-779596
-779504
-779388
-779516
-779536
-779508
-779460
-779404
-779400
-779308
-779328
-779292
-779264
-779292
-779224
-779276
-779216
-779460
-779496
-779496
-779364
-779448
-779384
-779356
-779344
-779240
-779512
-779452
-779736
-779824
-779792
-779756
-779676
-779600
-779564
-779660
-779728
-779732
-779820
-780104
-780352
-780308
-780380
-780356
-780464
-780456
-780472
-780544
-780568
-780812
-781068
-781024
-780980
-781104
-780980
-780936
-781040
-780836
-780996
-780976
-781036
-781024
-780948
-780836
-780824
-780764
-780860
-781008
-781028
-781200
-781200
-781104
-781052
-780960
-781060
-781060
-781028
-781016
-781012
-780940
-780880
-781020
-781192
-781164
-781200
-781316
-781284
-781388
-781336
-781392
-781576
-781580
-781580
-781640
-781612
-781772
-781860
-781820
-781916
-781820
-782036
-781916
-781980
-781872
-781796
-781648
-781824
-781924
-781872
-781652
-781624
-781568
-781432
-781264
-781116
-781104
-781104
-781104
-781120
-781076
-781396
-781296
-781280
-781160
-781268
-781048
-781108
-781088
-781228
-781244
-781180
-781376
-781412
-781540
-781556
-781480
-781456
-781548
-781524
-781344
-781308
-781296
-781332
-781384
-781384
-781332
-781592
-781608
-781668
-781520
-781520
-781564
-781444
-781548
-781668
-781544
-781536
-781496
-781608
-781540
-781700
-781596
-781580
-781548
-781632
-781520
-781348
-781320
-781240
-781428
-781460
-781428
-781204
-781276
-781324
-781408
-781332
-781108
-780968
-780996
-781112
-781056
-781060
-781020
-780864
-780924
-780872
-780896
-781052
-780968
-780804
-780892
-781132
-781124
-781024
-781184
-781188
-781212
-781320
-781312
-781452
-781528
-781612
-781612
-781580
-781760
-781868
-781728
-781612
-781564
-781516
-781476
-781504
-781440
-781696
-781672
-781676
-781884
-781912
-781952
-781928
-781920
-781892
-781852
-781944
-781828
-781852
-781948
-781920
-782032
-782092
-782112
-781876
-782008
-782008
-781888
-781884
-781928
-782168
-782180
-782196
-782132
-782072
-782304
-782280
-782168
-782204
-782260
-782360
-782260
-782268
-782384
-782512
-782644
-782664
-782604
-782616
-782568
-782388
-782448
-782552
-782532
-782520
-782488
-782432
-782320
-782444
-782288
-782332
-782176
-782120
-782032
-782016
-781992
-781940
-781916
-781848
-781828
-781912
-781896
-781960
-781796
-781848
-781920
-781932
-782104
-782240
-782128
-782172
-782008
-781964
-781900
-782124
-782068
-782112
-782180
-782332
-782428
-782772
-782640
-782676
-782724
-782768
-782692
-782588
-782520
-782396
-782444
-782596
-782712
-782812
-782948
-782924
-783040
-783048
-782812
-782780
-782736
-782704
-782780
-782720
-782692
-782592
-782576
-782660
-782796
-782672
-782732
-782748
-782820
-782796
-782920
-783028
-782864
-782896
-783008
-783028
-783036
-782880
-782904
-782980
-783080
-783180
-783188
-783036
-783068
-783044
-782976
-783024
-782912
-783188
-783256
-783224
-783220
-783132
-783084
-783060
-783048
-783036
-783068
-783140
-783076
-783064
-782988
-782956
-782880
-782708
-782956
-783116
-783088
-782944
-782772
-782744
-782808
-782744
-782684
-782644
-782712
-782896
-782852
-782936
-782828
-782964
-782972
-783040
-782936
-782580
-782556
-782460
-782408
-782408
-782508
-782624
-782676
-782680
-782652
-782672
-782716
-782924
-782892
-782992
-783024
-782992
-782900
-782992
-782972
-782848
-782780
-782884
-782880
-782872
-782828
-782940
-782816
-782856
-782772
-782716
-782736
-782780
-782692
-782912
-783048
-783228
-783200
-783256
-783432
-783508
-783600
-783660
-783580
-783444
-783532
-783528
-783532
-783444
-783304
-783292
-783308
-783496
-783432
-783412
-783392
-783312
-783260
-783228
-783268
-783376
-783376
-783388
-783272
-783156
-783092
-783076
-783080
-783116
-783076
-783336
-783316
-783284
-783280
-783472
-783512
-783592
-783524
-783484
-783356
-783316
-783584
-783720
-783816
-783692
-783624
-783820
-783948
-783960
-784080
-784260
-784488
-784428
-784344
-784332
-784400
-784324
-784224
-784288
-784244
-784284
-784176
-784180
-784128
-784124
-784128
-783948
-784028
-783968
-783704
-783868
-783820
-783724
-783688
-783732
-783856
-784020
-783900
-783912
-783820
-783844
-783928
-783932
-783836
-783684
-783844
-783784
-783876
-783976
-784012
-783940
-783984
-784012
-784096
-784000
-783932
-783860
-784012
-783976
-783972
-783956
-783972
-784208
-784128
-784216
-784152
-784312
-784524
-784276
-784052
-783964
-783988
-784020
-783968
-783988
-784044
-784188
-784196
-784328
-784184
-783976
-784008
-783836
-783888
-783928
-783892
-784068
-783956
-783852
-783888
-783900
-783688
-783800
-783932
-783924
-783848
-783576
-783500
-783456
-783232
-783232
-783296
-783292
-783264
-783280
-783400
-783332
-783492
-783468
-783572
-783464
-783408
-783456
-783488
-783572
-783592
-783540
-783852
-783800
-783960
-784176
-784172
-784388
-784216
-784372
-784604
-784552
-784568
-784432
-784604
-784556
-784256
-783976
-783996
-783940
-784096
-784092
-784196
-784336
-784396
-784512
-784484
-784316
-784316
-784460
-784620
-784676
-784780
-784680
-784572
-784612
-784620
-784628
-784672
-784684
-784448
-784428
-784476
-784416
-784468
-784560
-784480
-784540
-784524
-784188
-784148
-784200
-783972
-784124
-784192
-784448
-784552
-784580
-784380
-784312
-784328
-784316
-784244
-784360
-784544
-784480
-784504
-784448
-784808
-784800
-784612
-784352
-784436
-784380
-784384
-784340
-784336
-784232
-784312
-784404
-784520
-784544
-784540
-784568
-784676
-784820
-784880
-784784
-784852
-784800
-784640
-784748
-784560
-784612
-784628
-784684
-784720
-784584
-784608
-784312
-784280
-784376
-784376
-784384
-784384
-784264
-784336
-784392
-784500
-784536
-784492
-784500
-784564
-784648
-784464
-784444
-784468
-784512
-784396
-784556
-784512
-784464
-784328
-784304
-784252
-784216
-784284
-784296
-784212
-784216
-784248
-784392
-784384
-784280
-784136
-784096
-784036
-783980
-783852
-783748
-783708
-783916
-783884
-783904
-783812
-783788
-783644
-783736
-783772
-783708
-783680
-783784
-783752
-783776
-783528
-783652
-783592
-783684
-783588
-783632
-783796
-783516
-783560
-783468
-783424
-783432
-783380
-783312
-783448
-783500
-783444
-783488
-783072
-783124
-783096
-783260
-783196
-783172
-783388
-783416
-783416
-783336
-783440
-783572
-783548
-783540
-783616
-783496
-783436
-783112
-783212
-783284
-783188
-783032
-783052
-783140
-782972
-783096
-783200
-783156
-783076
-783080
-783136
-783144
-783124
-783072
-783052
-782824
-782900
-782860
-782960
-782904
-782972
-783092
-783008
-782904
-782956
-783032
-783020
-783204
-783388
-783456
-783584
-783432
-783452
-783456
-783388
-783332
-783088
-783208
-783136
-783152
-782900
-782960
-783100
-783188
-783200
-783176
-783072
-783424
-783688
-783688
-783620
-783684
-783568
-783672
-783664
-783712
-783788
-783872
-783856
-783832
-783936
-783948
-783924
-783924
-783872
-783760
-783636
-783864
-783824
-783732
-783768
-783716
-783476
-783520
-783532
-783564
-783668
-783664
-783472
-783400
-783544
-783384
-783440
-783488
-783456
-783420
-783276
-783280
-783228
-783096
-783200
-783300
-783092
-783204
-783172
-783160
-783068
-783088
-782948
-783016
-783064
-783160
-783220
-783268
-783164
-783172
-783012
-783044
-782956
-782972
-782988
-783012
-783108
-783100
-783136
-783084
-783100
-783240
-783328
-783284
-783256
-783428
-783352
-783512
-783544
-783580
-783640
-783516
-783616
-783712
-783704
-783688
-783720
-783808
-783952
-783716
-783616
-783652
-783564
-783608
-783536
-783592
-783572
-783700
-783728
-783660
-783864
-783764
-783836
-783892
-783724
-783784
-783740
-783768
-783856
-783908
-783852
-783948
-783968
-784072
-784040
-784104
-784020
-784004
-784044
-784000
-783936
-784284
-784240
-784316
-784380
-784220
-784312
-784384
-784368
-784448
-784500
-784372
-784288
-784368
-784332
-784408
-784348
-784388
-784512
-784404
-784480
-784464
-784360
-784280
-784440
-784412
-784328
-784360
-784428
-784372
-784260
-784260
-784240
-784264
-784388
-784220
-784048
-784140
-784020
-784136
-784272
-784164
-784152
-784092
-784064
-783984
-784012
-784004
-783980
-783880
-783976
-783932
-783984
-783988
-783972
-784008
-784020
-783964
-783972
-784012
-784044
-784004
-784012
-784040
-784064
-784096
-784072
-784076
-784348
-784248
-784136
-784152
-784192
-784192
-784216
-784080
-784200
-784264
-784372
-784416
-784472
-784388
-784588
-784544
-784460
-784376
-784156
-784120
-784196
-784416
-784404
-784296
-784268
-784016
-784092
-784000
-784036
-783836
-783996
-783972
-784192
-784260
-784108
-784252
-784260
-784280
-784404
-784304
-784288
-784380
-784476
-784428
-784432
-784512
-784420
-784244
-784288
-784216
-784232
-784336
-784388
-784464
-784528
-784636
-784692
-784840
-784620
-784624
-784696
-784580
-784476
-784756
-784752
-784816
-784956
-784904
-784740
-784664
-784588
-784848
-784868
-784744
-784672
-784544
-784472
-784348
-784360
-784488
-784176
-784204
-784260
-784340
-784256
-784040
-784028
-784076
-784164
-784300
-784328
-784448
-784564
-784472
-784368
-784412
-784348
-784552
-784716
-784452
-784324
-784416
-784432
-784504
-784792
-784928
-784932
-784868
-784740
-784652
-784684
-784732
-784848
-784840
-784820
-784952
-784956
-785040
-784976
-784968
-784992
-784832
-784800
-784828
-785028
-785004
-784980
-785044
-784944
-784944
-784876
-784888
-784776
-784800
-784876
-785056
-785100
-785100
-785080
-785264
-785176
-785300
-785328
-785472
-785012
-785024
-784896
-784796
-784700
-784804
-784516
-784544
-784548
-784572
-784476
-784544
-784476
-784496
-784616
-784652
-784516
-784424
-784288
-784432
-784312
-784256
-784404
-784404
-784448
-784476
-784352
-784368
-784432
-784156
-784072
-783948
-783840
-783876
-783852
-783880
-784032
-784144
-784076
-784040
-783912
-783988
-783992
-783976
-784296
-784188
-784164
-784376
-784452
-784556
-784508
-784344
-784320
-784372
-784316
-784428
-784356
-784388
-784280
-784348
-784364
-784520
-784444
-784548
-784640
-784680
-784680
-784892
-784968
-785148
-785232
-785168
-785144
-785232
-785312
-785220
-785172
-785224
-785184
-785160
-785304
-785324
-785140
-785124
-785216
-785184
-785100
-785116
-785068
-785088
-785272
-785260
-785276
-785288
-785256
-785440
-785464
-785504
-785420
-785500
-785516
-785524
-785432
-785372
-785384
-785196
-785388
-785364
-785280
-785272
-785348
-784824
-784652
-784772
-784820
-784860
-784928
-784996
-785052
-785140
-785056
-785004
-785140
-785256
-785336
-785188
-785112
-784924
-785140
-785272
-785296
-785324
-785276
-785152
-785192
-785140
-785272
-785312
-785324
-785212
-785192
-785024
-784856
-784992
-784880
-784876
-784972
-784800
-784784
-784740
-784652
-784724
-784384
-784424
-784388
-784416
-784348
-784364
-784416
-784532
-784444
-784548
-784508
-784712
-784560
-784672
-784612
-784676
-784700
-784904
-784808
-784764
-784860
-784632
-784720
-784772
-784740
-784752
-784764
-784808
-784840
-784892
-784656
-784624
-784608
-784660
-784788
-784788
-784856
-784840
-784776
-784964
-785016
-785048
-784944
-784840
-784584
-784512
-784568
-784544
-784604
-784528
-784500
-784420
-784596
-784600
-784544
-784584
-784516
-784632
-784512
-784444
-784528
-784560
-784372
-784412
-784756
-784588
-784656
-784596
-784616
-784592
-784696
-784652
-784728
-784628
-784708
-784660
-784648
-784636
-784560
-784552
-784504
-784280
-784176
-784152
-784048
-784152
-784152
-784240
-784156
-784076
-784148
-783904
-783668
-783672
-783656
-783672
-783780
-783780
-783884
-783980
-783892
-783856
-783916
-784064
-783988
-783900
-783908
-783844
-783744
-783732
-783748
-783628
-783508
-783540
-783460
-783428
-783600
-783628
-783604
-783612
-783536
-783400
-783484
-783384
-783348
-783312
-783380
-783360
-783492
-783508
-783372
-783368
-783516
-783704
-783736
-783516
-783616
-783764
-783808
-783696
-783672
-783748
-783800
-783724
-783708
-783764
-783820
-783916
-783880
-783860
-783772
-783728
-783812
-783724
-783588
-783784
-783848
-783748
-783724
-783668
-783644
-783612
-783632
-783644
-783708
-783824
-783644
-783752
-783852
-783880
-783920
-783908
-783956
-783904
-783848
-783820
-783756
-783816
-783896
-784012
-784276
-784460
-784692
-784636
-784732
-784736
-784580
-784592
-784636
-784588
-784716
-784720
-784756
-784788
-784620
-784600
-784552
-784500
-784480
-784452
-784540
-784472
-784320
-784124
-783988
-783916
-784156
-784160
-784096
-784360
-784388
-784460
-784404
-784296
-784176
-784304
-784216
-784244
-784296
-784100
-784160
-784100
-783940
-783848
-783796
-783684
-783656
-783552
-783360
-783260
-783236
-783164
-783244
-783116
-783060
-783048
-782696
-782680
-782748
-782684
-782796
-782824
-782872
-782736
-782736
-782644
-782572
-782396
-782324
-782528
-782604
-782604
-782544
-782776
-782600
-782852
-782852
-782700
-782680
-782568
-782520
-782544
-782628
-782652
-782796
-782768
-782924
-782892
-782856
-782872
-782944
-783032
-782960
-782900
-782856
-783092
-783136
-783068
-783140
-783240
-783272
-783240
-783348
-783516
-783500
-783456
-783396
-783416
-783564
-783520
-783528
-783616
-783572
-783548
-783376
-783328
-783296
-783568
-783584
-783724
-783580
-783608
-783468
-783560
-783568
-783488
-783340
-783304
-783208
-783280
-783344
-783468
-783472
-783468
-783448
-783476
-783400
-783296
-783256
-783232
-783244
-783396
-783492
-783324
-783308
-783208
-783124
-783104
-783152
-783024
-782924
-782876
-783076
-783148
-783060
-783104
-783280
-783412
-783536
-783580
-783752
-783708
-783584
-783612
-783648
-783672
-783628
-783564
-783600
-783628
-783568
-783516
-783424
-783472
-783448
-783452
-783516
-783548
-783656
-783684
-783576
-783544
-783396
-783424
-783460
-783528
-783484
-783408
-783332
-783288
-783312
-783268
-783208
-783200
-783196
-783140
-783320
-783480
-783500
-783500
-783592
-783576
-783520
-783460
-783496
-783304
-783508
-783508
-783520
-783408
-783240
-783380
-783364
-783432
-783480
-783456
-783496
-783488
-783508
-783520
-783392
-783316
-783288
-783536
-783372
-783208
-783416
-783376
-783436
-783280
-783380
-783236
-783204
-783156
-783160
-783184
-783424
-783392
-783388
-783100
-783104
-782972
-782860
-782808
-782816
-782816
-783024
-782988
-782952
-782960
-782928
-782868
-782756
-782788
-782756
-782896
-782988
-782856
-782892
-782900
-783012
-783040
-783132
-782748
-782684
-782588
-782572
-782544
-782504
-782456
-782360
-782328
-782116
-782188
-782148
-782052
-782084
-782008
-781972
-781956
-781912
-781972
-782164
-782168
-782240
-782276
-782216
-782172
-782092
-782404
-782400
-782268
-782260
-782532
-782640
-782540
-782472
-782476
-782528
-782540
-782580
-782604
-782708
-782796
-782784
-782668
-782672
-782572
-782684
-782536
-782600
-782636
-782692
-782744
-782840
-783016
-783060
-783092
-783224
-783192
-783256
-783392
-783608
-783680
-783576
-783620
-783464
-783352
-783392
-783588
-783392
-783388
-783444
-783752
-783772
-783800
-783776
-784000
-784004
-784000
-784044
-783980
-783928
-783900
-783912
-783920
-783932
-783912
-784044
-784108
-784148
-784236
-784296
-784312
-784256
-784320
-784376
-784416
-784488
-784532
-784340
-784368
-784380
-784216
-784076
-784140
-784136
-784176
-784112
-784104
-784084
-784036
-784044
-784056
-784036
-784084
-784008
-784100
-784112
-784200
-784344
-784388
-784412
-784484
-784384
-784376
-784316
-784192
-784372
-784404
-784220
-784380
-784300
-784220
-784216
-784372
-784304
-784232
-784308
-784220
-784224
-784348
-784296
-784284
-784348
-784272
-784280
-784408
-784516
-784552
-784404
-784408
-784640
-784804
-784784
-784856
-784828
-784944
-784984
-785092
-785124
-785104
-785132
-785116
-785056
-785060
-785020
-785068
-785216
-785104
-784944
-784988
-784904
-784908
-784864
-784972
-785048
-784992
-785020
-784992
-785072
-784904
-784844
-784704
-784648
-784636
-784652
-784552
-784568
-784524
-784584
-784672
-784756
-784940
-785068
-784928
-784992
-784924
-785048
-785252
-785372
-785480
-785484
-785440
-785456
-785456
-785380
-785604
-785736
-785844
-785776
-785956
-785996
-785984
-786060
-786180
-786288
-786212
-786372
-786592
-786456
-786560
-786404
-786296
-786172
-786172
-786156
-786184
-786208
-786240
-786316
-786256
-786208
-786332
-786324
-786228
-786164
-785948
-785732
-785628
-785684
-785628
-785892
-785848
-785788
-785864
-785816
-785640
-785636
-785392
-785532
-785540
-785616
-785536
-785456
-785400
-785300
-785288
-785288
-785360
-785320
-785356
-785512
-785528
-785600
-785824
-785640
-785616
-785656
-785760
-785772
-785760
-786048
-786012
-785976
-785944
-785912
-785992
-786024
-785956
-786000
-785964
-785948
-785880
-785876
-785848
-785820
-785828
-786068
-786056
-785760
-785688
-785628
-785732
-785720
-785640
-785608
-785572
-785464
-785220
-785184
-785336
-785356
-785368
-785280
-785348
-785320
-785264
-785240
-785236
-785420
-785552
-785552
-785484
-785580
-785456
-785468
-785580
-785700
-785656
-785524
-785540
-785524
-785620
-785644
-785592
-785564
-785508
-785184
-785276
-785348
-785352
-785180
-785264
-785412
-785564
-785524
-785480
-785312
-785412
-785300
-785248
-785084
-785148
-785192
-785180
-785128
-785264
-785232
-785152
-784992
-785196
-785256
-785052
-784992
-785168
-785300
-785312
-785324
-785584
-785368
-785420
-785500
-785516
-785352
-785308
-785444
-785468
-785556
-785556
-785628
-785680
-785824
-785964
-785960
-785920
-785992
-786088
-785976
-785940
-786060
-785964
-785784
-785932
-785844
-785776
-785664
-785596
-785536
-785540
-785516
-785368
-785364
-785400
-785460
-785420
-785412
-785464
-785476
-785552
-785480
-785564
-785504
-785668
-785604
-785600
-785552
-785504
-785344
-785232
-785320
-785224
-785336
-785480
-785788
-785708
-785824
-785916
-785988
-786100
-786256
-786292
-786424
-786264
-786412
-786280
-786348
-786392
-786388
-786196
-786208
-786204
-786236
-786336
-786404
-786348
-786496
-786492
-786488
-786448
-786324
-786392
-786500
-786580
-786632
-786664
-786652
-786516
-786596
-786548
-786452
-786424
-786448
-786512
-786496
-786508
-786632
-786552
-786504
-786436
-786336
-786300
-786204
